{
    "[['A', 'B', 'C', 'D', 'E'], ['A', 'B', 'C', 'D', 'E']]": [
        [
            [
                0.9999999999920279,
                7.43368066665354e-12,
                0.0,
                0.0,
                5.384940213625949e-13
            ],
            [
                0.9999038975895762,
                9.610239916599607e-05,
                5.78880449437571e-12,
                2.7344376234999468e-12,
                2.7344376234999468e-12
            ],
            [
                1.748234128103065e-13,
                7.835041784311503e-13,
                0.9999999999944684,
                4.508755241861569e-12,
                6.431393940833992e-14
            ],
            [
                3.0988193678938517e-12,
                2.594609690159855e-11,
                5.10908940590412e-12,
                2.382369843689088e-07,
                0.9999997617288616
            ],
            [
                1.2256067162277652e-11,
                5.492788224650902e-11,
                9.545034703357567e-12,
                2.2159489263820158e-08,
                0.9999999777637817
            ]
        ],
        [
            [
                0.9999999999273415,
                7.052879842814273e-11,
                0.0,
                0.0,
                2.12978516845004e-12
            ],
            [
                0.9999998362560363,
                1.6373771756728469e-07,
                2.7346983668865395e-12,
                0.0,
                3.511422210056775e-12
            ],
            [
                1.6586783582334059e-12,
                7.991959889673532e-11,
                0.9999999996380111,
                2.7894680917239526e-10,
                1.4637785135250826e-12
            ],
            [
                5.108855625193809e-12,
                4.277592443139009e-11,
                7.433341073180895e-12,
                4.539785660657652e-05,
                0.9999546020880753
            ],
            [
                2.0206838240655114e-11,
                9.056076608923328e-11,
                1.2256066928811015e-11,
                4.139937544727528e-08,
                0.9999999584776009
            ]
        ],
        [
            [
                0.9999999999934397,
                6.560200161721709e-12,
                0.0,
                0.0,
                0.0
            ],
            [
                0.9998766053355018,
                0.00012339462748765247,
                2.5942879462139175e-11,
                6.559387157218528e-12,
                4.508196468595487e-12
            ],
            [
                3.511422112470855e-12,
                5.492788349537998e-11,
                0.9999999997714832,
                1.6918979221787603e-10,
                8.878265476169799e-13
            ],
            [
                6.223860281540782e-11,
                1.162770181061154e-10,
                2.939943425933141e-11,
                4.53978557300077e-05,
                0.999954601936355
            ],
            [
                7.052880123165762e-11,
                1.6918979878773967e-10,
                6.224144862994244e-11,
                3.9278636969921164e-07,
                0.9999996069116702
            ]
        ],
        [
            [
                0.9999999999897635,
                9.54503491550534e-12,
                0.0,
                0.0,
                6.914400101626538e-13
            ],
            [
                0.9999999970010391,
                2.9989608068677014e-09,
                0.0,
                0.0,
                0.0
            ],
            [
                3.900837609893731e-14,
                5.384940217357866e-13,
                0.9999999999969589,
                2.4133627716556633e-12,
                5.0087746374750115e-14
            ],
            [
                1.5737102871522834e-11,
                4.277788076825118e-11,
                6.560200486911462e-12,
                1.444980316320297e-07,
                0.9999998554368932
            ],
            [
                2.5946098205817436e-11,
                1.0261880906443988e-10,
                3.3315449560145796e-11,
                6.82560422421891e-08,
                0.9999999315820773
            ]
        ],
        [
            [
                0.999999999965901,
                3.331544538807568e-11,
                0.0,
                0.0,
                7.835041777165146e-13
            ],
            [
                0.9999999317403971,
                6.825604226769529e-08,
                1.6586785655769228e-12,
                6.101937437874879e-13,
                1.2917801657350622e-12
            ],
            [
                1.2015425730751975e-13,
                7.835041784399389e-13,
                0.9999999999950444,
                3.978962535499525e-12,
                7.287724095201144e-14
            ],
            [
                7.43341217753759e-12,
                4.8471936256581824e-11,
                7.43341217753759e-12,
                3.53562583898982e-05,
                0.9999646436782713
            ],
            [
                1.2256066927319867e-11,
                7.052879553726024e-11,
                1.3887943279375998e-11,
                4.139937544223837e-08,
                0.9999999585039518
            ]
        ],
        [
            [
                0.9999999999872689,
                1.2256067434645674e-11,
                0.0,
                0.0,
                4.752193059105514e-13
            ],
            [
                0.9999999999662095,
                3.331544538810179e-11,
                0.0,
                0.0,
                4.752193057983743e-13
            ],
            [
                1.6586783586768498e-12,
                2.289734845317858e-11,
                0.9999999998946365,
                7.991959891810164e-11,
                8.878265477189047e-13
            ],
            [
                1.1628233887503477e-10,
                1.6918980473489993e-10,
                4.847369063638773e-11,
                2.3823698431401834e-07,
                0.9999997614290699
            ],
            [
                7.05278610776263e-11,
                1.9171460316739554e-10,
                3.7750843670799146e-11,
                1.3007124767576405e-05,
                0.9999869925752392
            ]
        ],
        [
            [
                0.9999999999839821,
                1.3887943851219985e-11,
                0.0,
                0.0,
                2.1297851688480688e-12
            ],
            [
                0.9046503495907031,
                0.09534944870516893,
                1.9019666506499445e-07,
                1.073017182254434e-08,
                7.772910397608832e-10
            ],
            [
                7.287724095391057e-14,
                3.5114221131699836e-12,
                0.9999999999839617,
                1.2256067443378629e-11,
                1.9810087979324645e-13
            ],
            [
                4.277110858019294e-11,
                1.1626392723658723e-10,
                3.331017285508635e-11,
                0.00015843624837956363,
                0.9998415635592752
            ],
            [
                2.5946098267004122e-11,
                7.052880743861003e-11,
                1.0815942926360385e-11,
                1.8553915974701837e-07,
                0.9999998143535493
            ]
        ],
        [
            [
                0.9999999999837244,
                1.5737102094674016e-11,
                0.0,
                0.0,
                5.384940213583229e-13
            ],
            [
                0.9999999804403403,
                1.9555680620017556e-08,
                0.0,
                0.0,
                3.978962440648034e-12
            ],
            [
                9.357622968053604e-14,
                8.87826547771338e-13,
                0.9999999999958629,
                3.098819138461349e-12,
                5.675685232155643e-14
            ],
            [
                5.492778432236629e-11,
                1.1628212032294684e-10,
                1.3887918786517381e-11,
                1.7603431333738035e-06,
                0.9999982394717688
            ],
            [
                1.691898047394046e-10,
                2.4616971333676355e-10,
                5.492788756052511e-11,
                2.3823698432036137e-07,
                0.9999997612927283
            ]
        ],
        [
            [
                0.9999999999925664,
                7.433680667904973e-12,
                0.0,
                0.0,
                0.0
            ],
            [
                0.0011695059327847487,
                0.9988267299760578,
                3.722281024271424e-06,
                4.135076757781247e-08,
                4.5936553387558093e-10
            ],
            [
                4.847369068505535e-11,
                2.335593213334069e-09,
                0.9999991660257035,
                8.315279882349726e-07,
                6.224145088027088e-11
            ],
            [
                7.433680481927792e-12,
                3.3315444568241184e-11,
                5.789356180427983e-12,
                2.510999091421136e-08,
                0.9999999748434707
            ],
            [
                1.3887943506066562e-11,
                4.277787758420799e-11,
                6.560199998622623e-12,
                2.5109990908537993e-08,
                0.9999999748267832
            ]
        ],
        [
            [
                0.9999999999898448,
                9.545034915506115e-12,
                0.0,
                0.0,
                6.101936672916527e-13
            ],
            [
                0.9999994956496738,
                5.043472037125519e-07,
                1.6586784316874752e-12,
                0.0,
                1.4637785783480713e-12
            ],
            [
                1.2015425730890077e-13,
                5.38494021735888e-13,
                0.9999999999971472,
                2.129785170799498e-12,
                6.431393940980054e-14
            ],
            [
                3.7750699697987695e-11,
                1.1628034126818652e-10,
                2.940027448628626e-11,
                1.6701415104096866e-05,
                0.9999832984014646
            ],
            [
                9.545035627928125e-12,
                2.59460968993912e-11,
                5.109089405469466e-12,
                2.382369843486409e-07,
                0.9999997617224153
            ]
        ],
        [
            [
                0.9999999999899798,
                9.545034914543732e-12,
                0.0,
                0.0,
                4.752193058640371e-13
            ],
            [
                0.999954602117187,
                4.539785566434407e-05,
                1.5736383156538707e-11,
                7.433341064265956e-12,
                3.978780756727867e-12
            ],
            [
                5.384940217314269e-13,
                3.0988191384687576e-12,
                0.9999999999668077,
                2.940077739044368e-11,
                1.5428112030658924e-13
            ],
            [
                2.937992408181066e-11,
                1.6906978974203283e-10,
                3.772456926140114e-11,
                0.0007096703575223217,
                0.9992903294063034
            ],
            [
                1.5737103579803358e-11,
                7.99196064097482e-11,
                1.783247457720659e-11,
                9.931195241683027e-08,
                0.9999999005745583
            ]
        ],
        [
            [
                0.9999999999899798,
                9.545034914543732e-12,
                0.0,
                0.0,
                4.752193058640371e-13
            ],
            [
                0.9999999881225787,
                1.1861119944008869e-08,
                2.4133627296471072e-12,
                0.0,
                1.388794362219974e-11
            ],
            [
                3.9008376098149933e-14,
                3.7010116782456854e-13,
                0.9999999999968061,
                2.734698291335484e-12,
                5.0087746373739104e-14
            ],
            [
                1.4166088388120708e-09,
                4.5990555480198554e-10,
                7.052880110845692e-11,
                3.9278636901308695e-07,
                0.9999996052665878
            ],
            [
                9.056076876566403e-11,
                1.1628232884989396e-10,
                1.5737101910313336e-11,
                1.1861120003203596e-08,
                0.9999999879162998
            ]
        ],
        [
            [
                0.9999999999833751,
                1.5737102097308037e-11,
                0.0,
                0.0,
                8.878265473069173e-13
            ],
            [
                0.9999999907539768,
                9.237449540989886e-09,
                1.1399918381141498e-12,
                0.0,
                7.433680574995019e-12
            ],
            [
                3.2661313425157374e-13,
                9.545034922046575e-12,
                0.9999999999462106,
                4.277787868613128e-11,
                1.1399918529495194e-12
            ],
            [
                2.289735135582367e-11,
                3.331544964021987e-11,
                5.7893570618057194e-12,
                1.855391597554212e-07,
                0.999999814398838
            ],
            [
                2.020684006825449e-11,
                9.056077427996542e-11,
                1.225606803730607e-11,
                1.4449803160478124e-07,
                0.9999998553789448
            ]
        ],
        [
            [
                0.9999999999833751,
                1.5737102093074553e-11,
                0.0,
                0.0,
                8.878265470680804e-13
            ],
            [
                0.9999999997532201,
                2.4616969477206255e-10,
                0.0,
                0.0,
                6.101936667455431e-13
            ],
            [
                5.384940217320643e-13,
                2.73469829137178e-12,
                0.9999999999900464,
                6.560200167625799e-12,
                1.2015425730804757e-13
            ],
            [
                1.2255998005848034e-11,
                4.847341242909057e-11,
                7.433638555923729e-12,
                4.785094844880136e-06,
                0.999995214836992
            ],
            [
                1.0261879589146018e-10,
                6.224144597096342e-11,
                9.545034883257501e-12,
                2.9989608124206583e-09,
                0.999999996826634
            ]
        ],
        [
            [
                0.9999999999838434,
                1.5737102096072885e-11,
                0.0,
                0.0,
                4.193795655504103e-13
            ],
            [
                0.9999993523874913,
                6.47594611562195e-07,
                3.511422176126116e-12,
                2.1297852090153438e-12,
                1.2256067663117121e-11
            ],
            [
                9.357622967957056e-14,
                5.384940217245835e-13,
                0.9999999999961864,
                3.098819138429377e-12,
                8.25807328477657e-14
            ],
            [
                3.774854055172707e-11,
                1.1627369062949526e-10,
                1.573593285430902e-11,
                7.484619777641918e-05,
                0.9999251536324655
            ],
            [
                2.594609375245412e-11,
                6.224144327771624e-11,
                1.225606686294193e-11,
                4.6911637993890524e-08,
                0.9999999529879184
            ]
        ],
        [
            [
                0.9999999999844533,
                1.3887943851221388e-11,
                0.0,
                0.0,
                1.6586783572729078e-12
            ],
            [
                0.9999646437404942,
                3.5356257477876746e-05,
                8.877944801049559e-13,
                0.0,
                1.1399506772498428e-12
            ],
            [
                3.442477108248624e-14,
                3.266131342577434e-13,
                0.9999999999979412,
                1.6586783588075776e-12,
                3.90083760992989e-14
            ],
            [
                1.4166007584608044e-09,
                7.582517456148152e-10,
                1.4930862145551766e-10,
                4.78509483740903e-06,
                0.9999952125810014
            ],
            [
                7.052879587718995e-11,
                1.317651377801225e-10,
                1.7832472242184173e-11,
                3.6534820772800076e-08,
                0.9999999632450527
            ]
        ],
        [
            [
                0.9999999999936722,
                5.789356322306876e-12,
                0.0,
                0.0,
                5.384940211778994e-13
            ],
            [
                0.9999999979378402,
                2.0611536133741138e-09,
                0.0,
                0.0,
                1.0060392748590049e-12
            ],
            [
                4.508755240052821e-12,
                1.0261879626599111e-10,
                0.9999999995732729,
                3.160881452741926e-10,
                3.511422111630437e-12
            ],
            [
                1.3887891340399769e-11,
                6.224121083031229e-11,
                2.2897261858089213e-11,
                2.902312199858552e-06,
                0.9999970975887738
            ],
            [
                2.020664792009859e-11,
                7.991884283703343e-11,
                2.594584951546708e-11,
                1.012998810050057e-05,
                0.9999898698858282
            ]
        ],
        [
            [
                0.9999999999888574,
                1.0815941552190865e-11,
                0.0,
                0.0,
                3.2661313412489424e-13
            ],
            [
                0.9999869928702614,
                1.300712476343987e-05,
                3.5113754401943006e-12,
                0.0,
                1.4637590578489079e-12
            ],
            [
                1.0603575990621439e-13,
                1.0060392791976989e-12,
                0.9999999999948155,
                3.9789625354986136e-12,
                9.357622968043803e-14
            ],
            [
                9.544944623413051e-12,
                4.277747399573235e-11,
                7.43361034708728e-12,
                1.0129988103625745e-05,
                0.9999898699521403
            ],
            [
                2.1724317176218031e-10,
                3.581734381986681e-10,
                6.224121079498686e-11,
                2.9023121982113243e-06,
                0.999997097050144
            ]
        ],
        [
            [
                0.9999999999875253,
                1.0815941547854412e-11,
                0.0,
                0.0,
                1.6586783574678975e-12
            ],
            [
                0.9999999928053286,
                7.19413297062899e-09,
                0.0,
                0.0,
                5.384940173070192e-13
            ],
            [
                5.789356314133512e-12,
                4.058652116242308e-10,
                0.9999999975214025,
                2.061153617241616e-09,
                5.789356314133512e-12
            ],
            [
                3.978962720131997e-12,
                2.9400778754609026e-11,
                4.508755451128144e-12,
                5.043472049446991e-07,
                0.9999994956149066
            ],
            [
                3.511402471797737e-12,
                3.775113427591858e-11,
                3.978940279012636e-12,
                6.144172125365993e-06,
                0.9999938557826332
            ]
        ],
        [
            [
                0.999999999992147,
                7.433680667903997e-12,
                0.0,
                0.0,
                4.193795655870047e-13
            ],
            [
                0.9995694428571176,
                0.00043055711753850706,
                2.0198130960192103e-11,
                2.7335197743477945e-12,
                2.412322734015671e-12
            ],
            [
                1.0060392791655523e-12,
                2.289734845377522e-11,
                0.9999999999206937,
                5.49278835031171e-11,
                4.752193062214872e-13
            ],
            [
                7.049840417303765e-11,
                2.171503723556238e-10,
                6.221462331986264e-11,
                0.00043055712077181267,
                0.9995694425293647
            ],
            [
                3.5817478723435435e-10,
                2.461696911994093e-10,
                2.594609456305134e-11,
                1.522997949834702e-08,
                0.9999999841397298
            ]
        ],
        [
            [
                0.9999999999811615,
                1.783247289428887e-11,
                0.0,
                0.0,
                1.0060392785015293e-12
            ],
            [
                0.9999999985830645,
                1.4166087813273313e-09,
                0.0,
                0.0,
                3.2661313305311964e-13
            ],
            [
                3.2661313424609417e-13,
                2.413362771591957e-12,
                0.9999999999905935,
                6.560200167497974e-12,
                1.0603575990463837e-13
            ],
            [
                4.2603787670008085e-11,
                2.7781159323707304e-10,
                7.024177094393418e-11,
                0.004070137776605453,
                0.9959298618327374
            ],
            [
                3.581741575712506e-10,
                1.317649089293638e-10,
                2.0206803240187604e-11,
                1.3709566540922046e-06,
                0.9999986285332001
            ]
        ],
        [
            [
                0.9999999999922398,
                7.433680667904687e-12,
                0.0,
                0.0,
                3.266131340833352e-13
            ],
            [
                0.9999999998296702,
                1.6918979172530143e-10,
                0.0,
                0.0,
                1.13999184943139e-12
            ],
            [
                1.3615261079364915e-13,
                1.1399918529161141e-12,
                0.9999999999901257,
                8.423463753521065e-12,
                1.7482341280743925e-13
            ],
            [
                1.081590075806166e-11,
                4.847350421326614e-11,
                5.109069755874514e-12,
                3.72663911462867e-06,
                0.9999962732964869
            ],
            [
                2.0206724604758495e-11,
                9.05602568084774e-11,
                1.3887865180332261e-11,
                4.7850948446098185e-06,
                0.9999952147805006
            ]
        ],
        [
            [
                0.9999999999981204,
                1.87952881492015e-12,
                0.0,
                0.0,
                0.0
            ],
            [
                0.9999999778367222,
                2.2159489223592333e-08,
                1.6586783177626676e-12,
                0.0,
                2.129785118116132e-12
            ],
            [
                3.900837609771336e-14,
                3.701011678204264e-13,
                0.9999999999976723,
                1.8795288163418334e-12,
                3.900837609771336e-14
            ],
            [
                1.4902182488566136e-10,
                8.575613922702842e-10,
                3.1547920575859623e-10,
                0.2227001438448199,
                0.7772998548331177
            ],
            [
                4.2777800470192624e-11,
                1.6918948289739975e-10,
                2.289730658857564e-11,
                1.0677030759748676e-06,
                0.9999989320620595
            ]
        ],
        [
            [
                0.9999999999911013,
                8.423463748754306e-12,
                0.0,
                0.0,
                4.752193059547342e-13
            ],
            [
                0.9999999987485553,
                1.2501528610730859e-09,
                0.0,
                0.0,
                1.2917799992954073e-12
            ],
            [
                1.026186131919478e-10,
                1.0467383115479583e-08,
                0.9999986182561148,
                1.3709566398831587e-06,
                2.1724360583212314e-10
            ],
            [
                2.2896870006717307e-11,
                1.1627990053395078e-10,
                4.2776984827900716e-11,
                2.1444939754253575e-05,
                0.999978554878292
            ],
            [
                1.2256068348091344e-11,
                1.1628233887904567e-10,
                2.289735014533467e-11,
                2.382369843222358e-07,
                0.99999976161158
            ]
        ],
        [
            [
                0.9999999999898448,
                9.545034915506115e-12,
                0.0,
                0.0,
                6.101936672916527e-13
            ],
            [
                0.999999990760137,
                9.237449552170235e-09,
                0.0,
                0.0,
                2.4133627431469303e-12
            ],
            [
                4.4202281033864735e-14,
                4.752193062497326e-13,
                0.9999999999973066,
                2.1297851708330643e-12,
                4.4202281033864735e-14
            ],
            [
                6.22386027923955e-11,
                1.9170839297425346e-10,
                5.492537418548198e-11,
                4.5397856323387924e-05,
                0.9999546018348043
            ],
            [
                4.277788405345969e-11,
                1.4930948634111222e-10,
                1.7832475144098264e-11,
                3.0590235885785584e-07,
                0.9999996938877213
            ]
        ],
        [
            [
                0.9999999999988578,
                1.0060392790345114e-12,
                0.0,
                0.0,
                1.361526107752932e-13
            ],
            [
                0.9999251537918902,
                7.48461969525309e-05,
                8.422837883765474e-12,
                2.734495101123842e-12,
                0.0
            ],
            [
                1.1399918529253797e-12,
                9.545034921844457e-12,
                0.9999999999661633,
                2.2897348454065837e-11,
                2.543665647111452e-13
            ],
            [
                4.2603787653961285e-11,
                3.567171466325598e-10,
                7.9594354055814e-11,
                0.004070137790141006,
                0.9959298617309438
            ],
            [
                4.277698483671766e-11,
                1.4930634776628946e-10,
                2.594555283353168e-11,
                2.1444939758673684e-05,
                0.9999785548422124
            ]
        ],
        [
            [
                0.9999999999938405,
                5.7893563248191045e-12,
                0.0,
                0.0,
                3.701011676092103e-13
            ],
            [
                0.9999999969975277,
                2.998960799050444e-09,
                0.0,
                0.0,
                3.5114220831597813e-12
            ],
            [
                2.1297851705568066e-12,
                2.2897348452166104e-11,
                0.9999999998420679,
                1.3176514267627074e-10,
                1.1399918528307976e-12
            ],
            [
                6.99237739750378e-11,
                4.0238353683317233e-10,
                1.017384908113836e-10,
                0.008577485715348996,
                0.9914225137106052
            ],
            [
                3.098819496269539e-12,
                2.0206841421726137e-11,
                3.978962994937591e-12,
                7.734422799554043e-08,
                0.9999999226284875
            ]
        ],
        [
            [
                0.9999999999956015,
                3.97896253347004e-12,
                0.0,
                0.0,
                4.193795655884535e-13
            ],
            [
                0.9999999956337822,
                4.363462219063662e-09,
                1.2917799947559887e-12,
                0.0,
                1.4637785027604217e-12
            ],
            [
                9.357622967937667e-14,
                6.101936677016815e-13,
                0.9999999999941145,
                5.109089027570573e-12,
                7.287724095116818e-14
            ],
            [
                2.940077804681175e-11,
                1.1628233288869943e-10,
                3.775134628250125e-11,
                6.475946143941574e-07,
                0.9999993522219511
            ],
            [
                9.54503456560315e-12,
                2.020683833395042e-11,
                2.7346981892416233e-12,
                3.6534820769839054e-08,
                0.9999999634326926
            ]
        ],
        [
            [
                0.9999999999740039,
                2.289734843356697e-11,
                0.0,
                0.0,
                3.0988191356241957e-12
            ],
            [
                0.9525741243472117,
                0.047425875351109675,
                2.3449477968183617e-10,
                6.71838792175195e-11,
                0.0
            ],
            [
                1.5428112030227166e-13,
                1.0060392791730036e-12,
                0.9999999999929676,
                5.789356328095842e-12,
                8.258073284650413e-14
            ],
            [
                9.054954670890994e-11,
                2.172170704799238e-10,
                4.846767972315817e-11,
                0.00012339462807449005,
                0.9998766050156912
            ],
            [
                2.7894680473199094e-10,
                1.917171482452962e-10,
                3.775134482635209e-11,
                1.522997949602343e-08,
                0.9999999842616052
            ]
        ],
        [
            [
                0.9999999999833751,
                1.5737102093073092e-11,
                0.0,
                0.0,
                8.87826547067998e-13
            ],
            [
                0.9999998874622125,
                1.1253518371887738e-07,
                1.4637786311866224e-12,
                0.0,
                1.1399919442113307e-12
            ],
            [
                7.28772409551612e-14,
                2.4133627717326844e-12,
                0.99999999999166,
                5.789356328489494e-12,
                6.431393941184098e-14
            ],
            [
                2.940077964379339e-11,
                1.0261880417360172e-10,
                2.2897350209496113e-11,
                8.315279897588526e-07,
                0.9999991683170932
            ],
            [
                6.5601999782115645e-12,
                2.940077654158278e-11,
                4.5087551117495774e-12,
                2.845334726600366e-08,
                0.999999971506183
            ]
        ],
        [
            [
                0.9999999999920279,
                7.433680665903033e-12,
                0.0,
                0.0,
                5.384940213082283e-13
            ],
            [
                0.9999999996399456,
                3.581747920628051e-10,
                0.0,
                0.0,
                1.879528811472536e-12
            ],
            [
                5.78935632636682e-12,
                1.0261879627511899e-10,
                0.9999999996716131,
                2.1724399341919956e-10,
                2.7346982904752793e-12
            ],
            [
                1.7832304202107356e-11,
                7.991884284152808e-11,
                3.3315130237288696e-11,
                1.012998810107028e-05,
                0.9999898698808326
            ],
            [
                4.058652031786719e-10,
                2.7894680277902077e-10,
                2.5946094377438305e-11,
                2.2159489256381696e-08,
                0.9999999771297526
            ]
        ],
        [
            [
                0.9999999999871338,
                1.2256067434644553e-11,
                0.0,
                0.0,
                6.101936672897992e-13
            ],
            [
                0.11920284489152658,
                0.8807964715401223,
                6.46347112131084e-07,
                3.646444362103762e-08,
                7.567953832874902e-10
            ],
            [
                8.87826547717944e-13,
                3.7751345437347353e-11,
                0.9999999998985809,
                6.22414462201028e-11,
                5.384940216977544e-13
            ],
            [
                1.9171607890294274e-10,
                2.1724277823690722e-10,
                4.847341589909093e-11,
                6.144172122833421e-06,
                0.9999938553704448
            ],
            [
                2.9400781059848626e-11,
                7.052880730780665e-11,
                1.0815942906301037e-11,
                6.82560422765638e-08,
                0.9999999316332122
            ]
        ],
        [
            [
                0.9999999999884925,
                1.0815941548956443e-11,
                0.0,
                0.0,
                6.914400101615491e-13
            ],
            [
                0.9999999969974858,
                2.99896081039789e-09,
                1.1399918475479123e-12,
                0.0,
                2.4133627601972436e-12
            ],
            [
                1.9810087978793894e-13,
                8.878265477699608e-13,
                0.9999999999943117,
                4.5087552419088395e-12,
                9.357622968039087e-14
            ],
            [
                3.3308649931320113e-11,
                1.4927901234491407e-10,
                1.573389214451492e-11,
                0.00020342706522976273,
                0.9997965727364486
            ],
            [
                4.5087550515879584e-12,
                2.940077614927974e-11,
                4.5087550515879584e-12,
                4.1399375436781787e-08,
                0.9999999585622064
            ]
        ],
        [
            [
                0.9999999999814762,
                1.7832472892494106e-11,
                0.0,
                0.0,
                6.914400100871154e-13
            ],
            [
                0.9999999123238192,
                8.76424910965468e-08,
                8.423464610065189e-12,
                7.433681427413487e-12,
                1.783247471944428e-11
            ],
            [
                7.433680668198977e-12,
                1.4930946753629695e-10,
                0.999999999484076,
                3.581747928282052e-10,
                1.006039278721241e-12
            ],
            [
                3.775127641937659e-11,
                1.3176490178556634e-10,
                3.331538450871471e-11,
                1.0677030761176873e-06,
                0.9999989320940923
            ],
            [
                6.224144925689526e-11,
                1.1628233595891738e-10,
                1.0815942083441469e-11,
                1.4449803164022192e-07,
                0.9999998553126287
            ]
        ],
        [
            [
                0.9999999999838434,
                1.5737102097311873e-11,
                0.0,
                0.0,
                4.193795655834282e-13
            ],
            [
                0.9999999881378664,
                1.1861120002708669e-08,
                5.384940150273777e-13,
                0.0,
                4.752193003220033e-13
            ],
            [
                2.789468068900806e-10,
                6.348800061492494e-09,
                0.9999999915394034,
                1.8189616719238692e-09,
                1.3887943745633784e-11
            ],
            [
                3.33086499473922e-11,
                1.4927901241694416e-10,
                4.846379970597865e-11,
                0.0002034270626992302,
                0.9997965727062493
            ],
            [
                2.5946093886592732e-11,
                5.4927881188950834e-11,
                9.54503451958151e-12,
                4.1399375438808683e-08,
                0.9999999585102055
            ]
        ],
        [
            [
                0.9999999999944158,
                5.109089020797215e-12,
                0.0,
                0.0,
                4.752193056012617e-13
            ],
            [
                0.029312221306499634,
                0.9706874332547767,
                3.36472047371722e-07,
                8.966676341371835e-09,
                0.0
            ],
            [
                8.258073284676705e-14,
                6.101936676955667e-13,
                0.9999999999961515,
                3.098819138391903e-12,
                5.675685232028448e-14
            ],
            [
                3.7751347177916625e-11,
                1.0261880103357943e-10,
                1.5737102830170883e-11,
                5.043472047654876e-07,
                0.999999495496688
            ],
            [
                9.545034607146803e-12,
                5.492788169285431e-11,
                9.545034607146803e-12,
                3.224186630619529e-08,
                0.9999999676841158
            ]
        ],
        [
            [
                0.9999999999935192,
                5.789356324300889e-12,
                0.0,
                0.0,
                6.914400101649606e-13
            ],
            [
                0.9999999988901838,
                1.103256026870194e-09,
                0.0,
                0.0,
                6.5602001356079915e-12
            ],
            [
                7.287724095338984e-14,
                4.752193062457693e-13,
                0.9999999999962803,
                3.0988191385174235e-12,
                7.287724095338984e-14
            ],
            [
                1.6918980043085868e-10,
                1.1628233591691338e-10,
                2.2897349562056238e-11,
                1.444980315880257e-07,
                0.9999998551935989
            ],
            [
                7.991747076186645e-11,
                2.789393812518432e-10,
                7.991747076186645e-11,
                2.7535689825447483e-05,
                0.9999724638714003
            ]
        ],
        [
            [
                0.9999999999966767,
                3.0988191368815805e-12,
                0.0,
                0.0,
                2.2447770536879053e-13
            ],
            [
                0.9975273769691576,
                0.0024726229686348636,
                5.479206303899023e-11,
                7.415299370500081e-12,
                0.0
            ],
            [
