{
    "[['A', 'B', 'C', 'D', 'E'], ['A', 'B', 'C', 'D', 'E']]": [
        [
            [
                0.9999999999995248,
                4.752193059586931e-13,
                0.0,
                0.0,
                0.0
            ],
            [
                0.9999999999377585,
                6.224144617799303e-11,
                0.0,
                0.0,
                0.0
            ],
            [
                7.725310652831888e-08,
                0.0011695008663178581,
                0.9988225299948179,
                7.880038610128587e-06,
                1.1847147590318069e-08
            ],
            [
                1.1225584560493242e-07,
                0.00042967378301366665,
                0.0005517120582739216,
                0.9975187930403191,
                0.0014997088625477387
            ],
            [
                4.9746689006807145e-11,
                7.781691435906746e-10,
                1.2829840192404478e-09,
                0.3775406750967228,
                0.6224593227923775
            ]
        ],
        [
            [
                0.9999999999951332,
                3.97896253142531e-12,
                0.0,
                0.0,
                8.878265468615312e-13
            ],
            [
                0.9999999999771028,
                2.2897348433625597e-11,
                0.0,
                0.0,
                0.0
            ],
            [
                6.914400102985917e-13,
                4.058652124154585e-10,
                0.9999999994614239,
                1.317651426255993e-10,
                2.5436656459222223e-13
            ],
            [
                3.397684669049795e-09,
                5.714027028210838e-07,
                1.3005065572365497e-05,
                0.9998279860012462,
                0.0001584341327938953
            ],
            [
                2.787489609187711e-10,
                3.848010710292293e-09,
                3.4638655501407696e-07,
                0.9992899794794269,
                0.0007096700072584502
            ]
        ],
        [
            [
                0.9999999999779134,
                2.0206839064514234e-11,
                0.0,
                0.0,
                1.8795288141478725e-12
            ],
            [
                0.999999999986112,
                1.3887943854234702e-11,
                0.0,
                0.0,
                0.0
            ],
            [
                5.602711048081899e-09,
                7.889197066165927e-06,
                0.9999842110587814,
                7.889197066165927e-06,
                4.944375146008768e-09
            ],
            [
                2.453887006504003e-10,
                4.349618793642736e-09,
                8.736442888150218e-08,
                0.9968272248898833,
                0.003172683150680222
            ],
            [
                1.0173848989886692e-10,
                8.51845946520084e-10,
                9.158207003543115e-09,
                0.9914225043089936,
                0.008577485579214875
            ]
        ],
        [
            [
                0.9999999999983413,
                1.6586783578010832e-12,
                0.0,
                0.0,
                0.0
            ],
            [
                0.9999999997210531,
                2.7894680893741253e-10,
                0.0,
                0.0,
                0.0
            ],
            [
                1.714000533403507e-05,
                0.622448051569923,
                0.3775338369738337,
                9.669729320204102e-07,
                4.4779773362428266e-09
            ],
            [
                1.1823218813333873e-08,
                1.064292240314675e-06,
                2.1376881089902525e-05,
                0.9968049350363194,
                0.0031726119671314783
            ],
            [
                5.630677367145624e-11,
                8.807861331288884e-10,
                5.7434470578284794e-09,
                0.9046505238949119,
                0.09534946942454814
            ]
        ],
        [
            [
                0.9999999999993086,
                6.9144001028497e-13,
                0.0,
                0.0,
                0.0
            ],
            [
                0.999999999986112,
                1.388794385283325e-11,
                0.0,
                0.0,
                0.0
            ],
            [
                4.214696043894543e-06,
                0.9980688478167135,
                0.0019267260477529133,
                2.0983736008714332e-07,
                1.6021295428112518e-09
            ],
            [
                4.1154983866464097e-07,
                0.002291989107112786,
                0.43677574092652194,
                0.5608311554912808,
                0.00010070292524587915
            ],
            [
                9.199295380538348e-09,
                3.2751728928166722e-06,
                0.004069887592046846,
                0.9958687742071687,
                5.8053828596289944e-05
            ]
        ],
        [
            [
                0.9999999999989939,
                1.006039278519097e-12,
                0.0,
                0.0,
                0.0
            ],
            [
                0.99999985550143,
                1.4449803152716594e-07,
                0.0,
                0.0,
                5.384940475498367e-13
            ],
            [
                3.6596126209167566e-06,
                0.01798614174212548,
                0.9820101521259417,
                4.6067680290722364e-08,
                4.5163164587077025e-10
            ],
            [
                1.5944807883508832e-09,
                2.4941876018583016e-08,
                2.245196128446124e-06,
                0.993304892935948,
                0.006692835331566638
            ],
            [
                1.306348051428344e-10,
                1.4044565126511276e-09,
                2.196939622475226e-08,
                0.9914224910292981,
                0.008577485466214297
            ]
        ],
        [
            [
                0.9999999999950149,
                3.97896253018077e-12,
                0.0,
                0.0,
                1.0060392778531376e-12
            ],
            [
                0.999999998394772,
                1.6052280517719861e-09,
                0.0,
                0.0,
                0.0
            ],
            [
                2.52526160716721e-06,
                0.9859336524845815,
                0.014063586280155301,
                2.3488591851395722e-07,
                1.087737600289448e-09
            ],
            [
                1.760805609028101e-07,
                0.02231883307997945,
                0.9490208967935851,
                0.028657948945504757,
                2.1451003697957646e-06
            ],
            [
                4.5750477934520793e-10,
                7.156578848553823e-09,
                5.685169332919666e-07,
                0.9947793005711135,
                0.005220123297869452
            ]
        ],
        [
            [
                0.9999999999989939,
                1.006039278608627e-12,
                0.0,
                0.0,
                0.0
            ],
            [
                0.9820137883286478,
                0.017986211550719174,
                1.1419080736819532e-10,
                6.442204518533073e-12,
                0.0
            ],
            [
                9.736126933257838e-10,
                7.889265366971539e-06,
                0.9999920321384396,
                7.734363614384528e-08,
                2.7894470692180623e-10
            ],
            [
                1.8183478505714637e-09,
                9.927842875794613e-08,
                2.2595666235810206e-06,
                0.9996622899157914,
                0.00033534942080840183
            ],
            [
                3.309245656379019e-11,
                4.5682727163404464e-10,
                4.334256476108216e-09,
                0.9933071437937032,
                0.006692851382120483
            ]
        ],
        [
            [
                0.9999999999964886,
                3.511422111013184e-12,
                0.0,
                0.0,
                0.0
            ],
            [
                0.9999832985803936,
                1.670141509760298e-05,
                4.50867811732315e-12,
                0.0,
                0.0
            ],
            [
                2.5436656470935695e-13,
                1.879528816329712e-12,
                0.9999999999912232,
                6.560200167423002e-12,
                8.258073284636007e-14
            ],
            [
                5.904526863557852e-10,
                1.9553107568895823e-08,
                7.888286595553309e-06,
                0.9998686980064331,
                0.00012339356341121638
            ],
            [
                2.6597436692380565e-11,
                7.772910377515604e-10,
                1.1309517865881927e-09,
                0.09534946996229664,
                0.9046505281028632
            ]
        ],
        [
            [
                0.9999999999997455,
                2.543665646205985e-13,
                0.0,
                0.0,
                0.0
            ],
            [
                0.9999999999925664,
                7.433680665055815e-12,
                0.0,
                0.0,
                0.0
            ],
            [
                5.07254879107435e-09,
                4.029628463790974e-07,
                0.3774105890971863,
                0.622244848917496,
                0.0003441539499225476
            ],
            [
                5.854645617993357e-10,
                4.326030491071141e-09,
                4.650921085287421e-08,
                0.9914224633429298,
                0.008577485236364245
            ],
            [
                4.385175965236264e-11,
                7.772910383105271e-10,
                6.053548693106239e-10,
                0.09534947013219,
                0.9046505284413123
            ]
        ],
        [
            [
                0.9999999999969011,
                3.0988191356934818e-12,
                0.0,
                0.0,
                0.0
            ],
            [
                0.9999999993308415,
                6.691586074640131e-10,
                0.0,
                0.0,
                0.0
            ],
            [
                2.244777054861586e-13,
                4.508755241974685e-12,
                0.9999999999912375,
                3.978962535554717e-12,
                5.0087746374878623e-14
            ],
            [
                3.222004551459115e-08,
                5.4185836659613684e-06,
                0.00033523590065285706,
                0.9993240773949827,
                0.00033523590065285706
            ],
            [
                2.6627483850367003e-11,
                5.348273100481297e-10,
                5.348273100481297e-10,
                0.3775406755635643,
                0.6224593233401535
            ]
        ],
        [
            [
                0.9999999999992164,
                7.835041779113995e-13,
                0.0,
                0.0,
                0.0
            ],
            [
                0.9999999993308415,
                6.691586082336285e-10,
                0.0,
                0.0,
                0.0
            ],
            [
                3.0482498081983024e-06,
                0.4378218260130626,
                0.5621743498258213,
                7.707182494167547e-07,
                5.193058715798027e-09
            ],
            [
                6.218472487854864e-11,
                2.9962278371380957e-09,
                1.2740284955381974e-07,
                0.9990888185817756,
                0.0009110509569622817
            ],
            [
                1.6423040455146132e-10,
                1.375084341743055e-09,
                1.1513440230943558e-08,
                0.9706877594191535,
                0.029312227528091508
            ]
        ],
        [
            [
                0.9999999999978701,
                2.1297851695253895e-12,
                0.0,
                0.0,
                0.0
            ],
            [
                0.9999999956365377,
                4.363462226899547e-09,
                0.0,
                0.0,
                0.0
            ],
            [
                6.431393940863123e-14,
                1.8795288163669885e-12,
                0.9999999999883569,
                9.545034921966659e-12,
                1.5428112030506236e-13
            ],
            [
                4.594864367230916e-10,
                7.187577185436644e-09,
                4.4467965428089036e-07,
                0.9990884966843996,
                0.0009110509888825789
            ],
            [
                8.718036803882999e-11,
                9.372772863524507e-10,
                4.2005853701219e-09,
                0.9626731110900423,
                0.037326883684914734
            ]
        ],
        [
            [
                0.9999999999975866,
                2.4133627699964302e-12,
                0.0,
                0.0,
                0.0
            ],
            [
                0.9999999997538302,
                2.461696949755056e-10,
                0.0,
                0.0,
                0.0
            ],
            [
                1.748234128155466e-13,
                5.109089027725519e-12,
                0.9999999999766591,
                1.783247290696733e-11,
                2.2447770548725524e-13
            ],
            [
                2.598916320039812e-09,
                3.4039086428299117e-07,
                2.1059237062027963e-05,
                0.981992771758958,
                0.017985826014199246
            ],
            [
                7.55846084336229e-10,
                3.213939333148717e-08,
                6.1246784167543985e-06,
                0.9968211789466522,
                0.003172663479691652
            ]
        ],
        [
            [
                0.9999999999962641,
                3.511422111937534e-12,
                0.0,
                0.0,
                2.2447770541010667e-13
            ],
            [
                0.9999999999705993,
                2.94007773746098e-11,
                0.0,
                0.0,
                0.0
            ],
            [
                7.20622548913356e-07,
                0.9820129593759737,
                0.01798619403143776,
                1.2522542206398517e-07,
                7.446175781484121e-10
            ],
            [
                3.166007250446904e-08,
                5.7242808523804465e-05,
                0.9819560437437883,
                0.017985156318439104,
                1.525469176157225e-06
            ],
            [
                1.519241313186089e-11,
                3.9181749883311996e-10,
                3.457777290986717e-10,
                0.8519527957505977,
                0.14804720349661465
            ]
        ],
        [
            [
                0.9999999999954912,
                4.508755239255281e-12,
                0.0,
                0.0,
                0.0
            ],
            [
                0.9999999999294713,
                7.052879841793755e-11,
                0.0,
                0.0,
                0.0
            ],
            [
                1.6316120947123395e-06,
                0.4378222914168729,
                0.5621749480256769,
                1.1213894998414712e-06,
                7.555855809433734e-09
            ],
            [
                2.6459984618699922e-09,
                9.420407045226675e-07,
                1.3004470791878074e-05,
                0.9997826266930591,
                0.0002034241494460258
            ],
            [
                3.953282432506e-11,
                5.457338061800488e-10,
                2.1584190737335602e-09,
                0.9241418216217088,
                0.07585817563460553
            ]
        ],
        [
            [
                1.0,
                0.0,
                0.0,
                0.0,
                0.0
            ],
            [
                0.9999970976847031,
                2.9023121979417327e-06,
                3.0988074168607984e-12,
                0.0,
                0.0
            ],
            [
                2.734698291224366e-12,
                3.775134543771768e-11,
                0.9999999999455325,
                1.3887943863097659e-11,
                9.357622967582631e-14
            ],
            [
                2.0592636692725027e-09,
                4.446767097196316e-07,
                6.138572628140876e-06,
                0.9990823693008553,
                0.0009110453905431852
            ],
            [
                9.705311011033101e-10,
                2.208918604611632e-08,
                3.4553300594074364e-07,
                0.9968269498900985,
                0.0031726815171784083
            ]
        ],
        [
            [
                0.9999999999964886,
                3.5114221107003248e-12,
                0.0,
                0.0,
                0.0
            ],
            [
                0.9999999998304401,
                1.691897920461656e-10,
                0.0,
                0.0,
                3.701011673881966e-13
            ],
            [
                7.69400372945686e-08,
                0.005220093824100933,
                0.9947737067247712,
                6.1120983888715e-06,
                1.0412701739495985e-08
            ],
            [
                4.941612742545179e-09,
                8.759218170563253e-08,
                2.143310019278992e-05,
                0.9994257076901412,
                0.0005527666758715545
            ],
            [
                2.2575318246806105e-11,
                4.001570906016101e-10,
                1.2991198679475143e-10,
                0.014063627287308653,
                0.9859363721600469
            ]
        ],
        [
            [
                0.9999999999985363,
                1.4637785130131519e-12,
                0.0,
                0.0,
                0.0
            ],
            [
                0.999999999987744,
                1.2256067432010695e-11,
                0.0,
                0.0,
                0.0
            ],
            [
                1.5428112030654123e-13,
                2.7346982913676912e-12,
                0.9999999999885514,
                8.423463753778115e-12,
                1.3615261079780394e-13
            ],
            [
                9.915522306022433e-08,
                1.889564085677005e-05,
                5.820267133812705e-05,
                0.998421735854683,
                0.0015010666778989667
            ],
            [
                1.1605831527181279e-10,
                1.6021356230797034e-09,
                4.1319622312669455e-08,
                0.9980732227167938,
                0.0019267342453899543
            ]
        ],
        [
            [
                0.9999999999934397,
                6.5602001624741085e-12,
                0.0,
                0.0,
                0.0
            ],
            [
                0.999999999987744,
                1.2256067428619836e-11,
                0.0,
                0.0,
                0.0
            ],
            [
                4.12580460498015e-06,
                0.02297727217984048,
                0.9770185344887278,
                6.668735680637674e-08,
                8.394699332506195e-10
            ],
            [
                3.116426669854536e-10,
                3.796584908447813e-09,
                7.62564463606456e-08,
                0.985936291843444,
                0.014063627791882062
            ],
            [
                4.58768310123587e-10,
                2.0560569212983435e-09,
                3.644448094787982e-08,
                0.9975273381786538,
                0.0024726228620400295
            ]
        ],
        [
            [
                0.9999999999972653,
                2.734698289233398e-12,
                0.0,
                0.0,
                0.0
            ],
            [
                0.9999999999942106,
                5.789356324304569e-12,
                0.0,
                0.0,
                0.0
            ],
            [
                6.820710053407576e-08,
                0.0007096652598428553,
                0.9992833036208786,
                6.957313398406213e-06,
                5.598779753479736e-09
            ],
            [
                2.0607252512984257e-09,
                1.4446785570015886e-07,
                4.784118335013904e-06,
                0.999791643465063,
                0.00020342588802113004
            ],
            [
                1.1354419735943832e-11,
                4.260714572292022e-10,
                4.260714572292022e-10,
                0.8175744844229007,
                0.18242551471360197
            ]
        ],
        [
            [
                0.9999999999985363,
                1.4637785131437884e-12,
                0.0,
                0.0,
                0.0
            ],
            [
                0.9999999999740539,
                2.5946094968562406e-11,
                0.0,
                0.0,
                0.0
            ],
            [
                1.9549118129288988e-08,
                0.0003353500528408678,
                0.9996643917200612,
                2.3815701354714189e-07,
                5.20966351867334e-10
            ],
            [
                4.575047583665715e-10,
                4.918639689891686e-09,
                1.4374372211504006e-07,
                0.9947797253552587,
                0.005220125524874902
            ],
            [
                8.876860389061338e-13,
                2.939612437579795e-11,
                5.788440095349217e-12,
                0.0001584362486360955,
                0.9998415637152918
            ]
        ],
        [
            [
                0.9999999999991123,
                8.878265471716492e-13,
                0.0,
                0.0,
                0.0
            ],
            [
                0.9999999999740539,
                2.5946094956817498e-11,
                0.0,
                0.0,
                0.0
            ],
            [
                3.7010116782517075e-13,
                2.5946094980374322e-11,
                0.9999999999307698,
                4.2777878685748964e-11,
                1.3615261079642198e-13
            ],
            [
                1.2486896274093112e-09,
                1.953279217916794e-08,
                5.037573498326314e-07,
                0.9988299657364739,
                0.0011695097246945695
            ],
            [
                1.6528430056633084e-11,
                5.473464314930389e-10,
                7.028067297703975e-10,
                0.4378234987958449,
                0.5621764999374734
            ]
        ],
        [
            [
                0.9999999999989939,
                1.006039278608683e-12,
                0.0,
                0.0,
                0.0
            ],
            [
                0.9999999123571385,
                8.764249138519965e-08,
                3.7010120667049366e-13,
                0.0,
                0.0
            ],
            [
                1.6364718300442433e-07,
                0.0005527783079940549,
                0.9994468471598437,
                2.1012714234703106e-07,
                7.578368054651321e-10
            ],
            [
                1.1528481101487372e-10,
                2.62387020457558e-09,
                1.9387924137921607e-08,
                0.9914224923953255,
                0.00857748547759531
            ],
            [
                2.248550315208963e-11,
                5.117676928667245e-10,
                3.104027963740668e-10,
                0.017986211587962892,
                0.9820137875673811
            ]
        ],
        [
            [
                0.9999999999989939,
                1.0060392786088151e-12,
                0.0,
                0.0,
                0.0
            ],
            [
                0.9999999999193889,
                7.991959883492515e-11,
                0.0,
                0.0,
                6.914400098754473e-13
            ],
            [
                4.952756693203254e-07,
                0.01798618529225663,
                0.9820125958652076,
                7.206218467303568e-07,
                2.945019589739057e-09
            ],
            [
                1.673309828944623e-10,
                1.5875921629408858e-09,
                3.613343107983975e-08,
                0.9890130201580748,
                0.010986941953570993
            ],
            [
                1.3369542510348823e-11,
                2.685344397377384e-10,
                4.427384427111511e-10,
                0.9626731154265679,
                0.03732688384878974
            ]
        ],
        [
            [
                0.9999999999991123,
                8.878265472508551e-13,
                0.0,
                0.0,
                0.0
            ],
            [
                0.9999999998308102,
                1.6918979206810601e-10,
                0.0,
                0.0,
                0.0
            ],
            [
                1.280642579648112e-06,
                0.49999915187453126,
                0.4999991500199859,
                4.157637732869215e-07,
                1.6991298933997283e-09
            ],
            [
                3.563050751129051e-10,
                5.5735491284591905e-09,
                1.1194772681286752e-07,
                0.9947797564157264,
                0.005220125706692737
            ],
            [
                4.500069429711716e-12,
                9.038631068738275e-11,
                2.5896111582430626e-11,
                0.0019267343401551278,
                0.9980732655390624
            ]
        ],
        [
            [
                0.9999999999975866,
                2.413362769752641e-12,
                0.0,
                0.0,
                0.0
            ],
            [
                0.9999999999655447,
                3.3315445383760766e-11,
                0.0,
                0.0,
                1.1399918517473737e-12
            ],
            [
                0.00017331540079321747,
                0.8518048583016921,
                0.14802148800326634,
                3.3457743233322983e-07,
                3.716815992930208e-09
            ],
            [
                6.3468030345945715e-09,
                7.886843157598028e-06,
                0.00026117637569117875,
                0.9996855447856082,
                4.53856487399511e-05
            ],
            [
                1.3134709719733028e-10,
                1.8131907473851115e-09,
                4.126803119503846e-08,
                0.9968272738603101,
                0.0031726829271207756
            ]
        ],
        [
            [
                0.9999999999989939,
                1.0060392786085633e-12,
                0.0,
                0.0,
                0.0
            ],
            [
                0.9999999999377585,
                6.224144618354046e-11,
                0.0,
                0.0,
                0.0
            ],
            [
                1.046388929343542e-08,
                0.00033535005814137983,
                0.9996644288453833,
                2.1017283476344527e-07,
                4.597512093283556e-10
            ],
            [
                2.0694090906540001e-10,
                4.1565192699511135e-09,
                3.943595683202995e-08,
                0.9525740828826494,
                0.04742587331793353
            ],
            [
                4.790164408666665e-11,
                9.621302409841372e-10,
                1.5862845934943873e-09,
                0.3208212872879947,
                0.6791787101156889
            ]
        ],
        [
            [
                0.9999999999934397,
                6.5602001617204816e-12,
                0.0,
                0.0,
                0.0
            ],
            [
                0.9999999999972653,
                2.734698288919948e-12,
                0.0,
                0.0,
                0.0
            ],
            [
                3.266131342560702e-13,
                6.560200167698349e-12,
                0.9999999999790505,
                1.3887943863999876e-11,
                1.748234128149689e-13
            ],
            [
                3.1397249949144323e-10,
                2.978888135056025e-09,
                7.68265375783882e-08,
                0.9933070682047483,
                0.006692851675853448
            ],
            [
                2.116039606776603e-11,
                4.816083946398303e-10,
                4.250179165283897e-10,
                0.07585817595035325,
                0.9241418231218601
            ]
        ],
        [
            [
                0.9999999999983413,
                1.6586783576530813e-12,
                0.0,
                0.0,
                0.0
            ],
            [
                0.999999995055223,
                4.944450474180818e-09,
                3.2661313244515966e-13,
                0.0,
                0.0
            ],
            [
                1.5428112030072478e-13,
                7.835041784126711e-13,
                0.9999999999966047,
                2.4133627715443885e-12,
                4.42022810311217e-14
            ],
            [
                7.164773643320412e-09,
                1.6306934097572142e-07,
                1.1432043390205594e-05,
                0.9959183064129533,
                0.004070091309541881
            ],
            [
                2.9344137133697535e-11,
                8.575613909106506e-10,
                1.2477444612830397e-09,
                0.7772998544433971,
                0.22270014342195288
            ]
        ],
        [
            [
                0.9999999999985363,
                1.463778513258819e-12,
                0.0,
                0.0,
                0.0
            ],
            [
                0.9999999988959605,
                1.1032560288515355e-09,
                0.0,
                0.0,
                7.835041760264968e-13
            ],
            [
                1.1399918529339116e-12,
                5.4927883504225356e-11,
                0.9999999999364342,
                7.433680671632005e-12,
                6.431393940828918e-14
            ],
            [
                2.060894317363211e-09,
                1.6371695777276837e-07,
                2.901952512397746e-06,
                0.9998735381088956,
                0.00012339416073995274
            ],
            [
                3.866165263535511e-10,
                2.2248244971421852e-09,
                1.643935301965878e-08,
                0.9525741064490262,
                0.04742587450017983
            ]
        ],
        [
            [
                0.9999999999994615,
                5.38494021494399e-13,
                0.0,
                0.0,
                0.0
            ],
            [
                0.9999999998962412,
                1.0261879614164475e-10,
                0.0,
                0.0,
                1.1399918510961245e-12
            ],
            [
                1.4398747232307168e-06,
                0.43781687488697935,
                0.5621679942036395,
                1.3661151011462887e-05,
                2.9883646501730203e-08
            ],
            [
                9.372773209343846e-10,
                1.4661484104774677e-08,
                1.3197834810758062e-06,
                0.9626718239902659,
                0.03732684062749165
            ],
            [
                2.1493704916255525e-11,
                4.891944690651954e-10,
                4.891944690651954e-10,
                0.26894140971102387,
                0.7310585892890935
            ]
        ],
        [
            [
                0.9999999999992164,
                7.835041781452312e-13,
                0.0,
                0.0,
                0.0
            ],
            [
                0.999999999979793,
                2.020683907787528e-11,
                0.0,
                0.0,
                0.0
            ],
            [
                1.4930947196057353e-10,
                1.4449802881189908e-07,
                0.9999998357064193,
                1.955568165639058e-08,
                9.056077252959161e-11
            ],
            [
                1.7238548623315645e-08,
                2.8990781180497106e-06,
                0.0009108632681298463,
                0.9988829793483124,
                0.0002032410668911348
            ],
            [
                7.039292540937701e-11,
                9.717443609880325e-10,
                4.355056081802712e-09,
                0.7772998518380057,
                0.22270014276480102
            ]
        ],
        [
            [
                0.9999999999972653,
                2.734698289753556e-12,
                0.0,
                0.0,
                0.0
            ],
            [
                0.999999999976215,
                2.2897348438540388e-11,
                0.0,
                0.0,
                8.878265471513203e-13
            ],
            [
                1.7482341281409998e-13,
                7.433680671799171e-12,
                0.9999999999878482,
                4.508755241959403e-12,
                3.442477108213879e-14
            ],
            [
                1.8154331833186895e-09,
                7.7194183253529e-08,
                1.2982065509177503e-05,
                0.9980602295709807,
                0.001926709353893633
            ],
            [
                7.558301925265681e-10,
                1.7202615890424802e-08,
                2.7448327201197772e-05,
                0.9967999384533343,
                0.003172595261018588
            ]
        ],
        [
            [
                0.9999999999975866,
                2.4133627691638204e-12,
                0.0,
                0.0,
                0.0
            ],
            [
                0.999999999996021,
                3.9789625328026656e-12,
                0.0,
                0.0,
                0.0
            ],
            [
                6.798354946223665e-07,
                0.1824251284878893,
                0.8175727457999965,
                1.4392117534094357e-06,
                6.6648663142701295e-09
            ],
            [
                2.6460991758103524e-09,
                1.300496577761394e-05,
                7.887910472636404e-06,
                0.9998206715606056,
                0.00015843291704493716
            ],
            [
                3.6716627690398933e-10,
                3.074245597614452e-09,
                2.916763012625407e-08,
                0.9046505004222848,
                0.09534946696867323
            ]
        ],
        [
            [
                0.99999999999886,
                1.139991852062942e-12,
                0.0,
                0.0,
                0.0
            ],
            [
                0.999999999990455,
                9.545034915507935e-12,
                0.0,
                0.0,
                0.0
            ],
            [
                2.509213754989394e-08,
                0.0007096694478515992,
                0.9992889342264563,
                1.3699842906014016e-06,
                1.2492639676924157e-09
            ],
            [
                9.235900207104074e-09,
                5.042635461015796e-07,
                7.888009024282359e-06,
                0.9998331635950217,
                0.00015843489650766085
            ],
            [
                6.008715955271118e-11,
                4.4398739276037966e-10,
                5.031036272875977e-10,
                0.8519527954718265,
                0.14804720352099537
            ]
        ],
        [
            [
                0.9999999999983413,
                1.6586783578007732e-12,
                0.0,
                0.0,
                0.0
            ],
            [
                0.999999999979793,
                2.0206839074484413e-11,
                0.0,
                0.0,
                0.0
            ],
            [
                1.5428112030700694e-13,
                2.413362771642658e-12,
                0.9999999999915701,
                5.789356328273532e-12,
                7.287724095244263e-14
            ],
            [
                6.176109661548111e-07,
                0.017467599711529443,
                0.028799210058739935,
                0.9536988522025721,
                3.3720416192235544e-05
            ],
            [
                4.7359918522131767e-11,
                5.769619213752789e-10,
                2.5857639370288373e-09,
                0.9770226290676824,
                0.02297736772223182
            ]
        ],
        [
            [
                0.9999999999983413,
                1.6586783578008655e-12,
                0.0,
                0.0,
                0.0
            ],
            [
                0.999999999986112,
                1.3887943857528423e-11,
                0.0,
                0.0,
                0.0
            ],
            [
                2.0728571092404693e-07,
                0.014063573694286107,
                0.9859325392688855,
                3.6742271404474266e-06,
                5.5239770868505725e-09
            ],
            [
                2.916412566557086e-08,
                3.1982377742197134e-05,
                0.09533812498047026,
                0.9045429263614144,
                8.693711624752748e-05
            ],
            [
                6.150692851625666e-11,
                8.490769576597906e-10,
                1.7974959334712162e-09,
                0.6791787103486042,
                0.32082128694331596
            ]
        ],
        [
            [
                0.9999999999995248,
                4.752193059960822e-13,
                0.0,
                0.0,
                0.0
            ],
            [
                0.9999999999975866,
                2.413362770568793e-12,
                0.0,
                0.0,
                0.0
            ],
            [
                7.649448088158934e-08,
                0.010986937844428205,
                0.989012641987162,
                3.4282415196545834e-07,
                8.497769233082182e-10
            ],
            [
                2.7781159344547127e-10,
                5.579995017838614e-09,
                1.1207719596200071e-07,
                0.9959297442961107,
                0.004070137768886712
            ],
            [
                1.479150985058789e-11,
                2.62185785498448e-10,
                1.23847795673597e-10,
                0.060086654473849234,
                0.9399133451253256
            ]
        ],
        [
            [
                0.9999999999993898,
                6.101936674793917e-13,
                0.0,
                0.0,
                0.0
