{
    "[['A', 'B', 'C', 'D', 'E'], ['A', 'B', 'C', 'D', 'E']]": [
        [
            [
                0.99999999999886,
                1.1399918525185415e-12,
                0.0,
                0.0,
                0.0
            ],
            [
                0.999999999987744,
                1.2256067421655956e-11,
                0.0,
                0.0,
                0.0
            ],
            [
                3.3971014066130987e-09,
                7.88661691522939e-06,
                0.9996567586520075,
                0.00033534748455555107,
                3.849420203814773e-09
            ],
            [
                2.78944695324411e-10,
                5.211372993869939e-10,
                9.056008359359315e-11,
                7.889265038967722e-06,
                0.999992109844319
            ],
            [
                2.1724399172548204e-10,
                2.1724399172548204e-10,
                5.492788305888057e-11,
                7.194132971299751e-09,
                0.9999999923164512
            ]
        ],
        [
            [
                0.9999999999978701,
                2.1297851693363263e-12,
                0.0,
                0.0,
                0.0
            ],
            [
                0.9999999999934397,
                6.560200163720928e-12,
                0.0,
                0.0,
                0.0
            ],
            [
                3.77513477348533e-11,
                1.344041076716573e-08,
                0.9999997481156669,
                2.3823698121467222e-07,
                1.6918980253382369e-10
            ],
            [
                6.560188321441303e-12,
                7.991945460703612e-11,
                1.0815922025358845e-11,
                1.7603431332414893e-06,
                0.9999982395595712
            ],
            [
                2.4616968176008567e-10,
                3.1608812819788274e-10,
                4.2777876357391205e-11,
                5.315784964601742e-08,
                0.9999999462371145
            ]
        ],
        [
            [
                0.9999999999983413,
                1.6586783579314385e-12,
                0.0,
                0.0,
                0.0
            ],
            [
                0.9999999999821676,
                1.7832472888154613e-11,
                0.0,
                0.0,
                0.0
            ],
            [
                2.335116740829515e-09,
                1.3706781992337934e-06,
                0.9997951868673537,
                0.0002034266816613182,
                1.3437669045563306e-08
            ],
            [
                2.594609819383768e-11,
                1.31765159008129e-10,
                2.289735129021752e-11,
                6.825604221067413e-08,
                0.9999999315633492
            ],
            [
                3.5817480075977304e-10,
                3.5817480075977304e-10,
                7.052880003353534e-11,
                6.475946139683741e-07,
                0.9999993516185076
            ]
        ],
        [
            [
                0.9999999999934397,
                6.560200163134539e-12,
                0.0,
                0.0,
                0.0
            ],
            [
                0.9999999999925664,
                7.433680667905223e-12,
                0.0,
                0.0,
                0.0
            ],
            [
                1.30552129591888e-06,
                0.9522684151084605,
                0.047410652158638746,
                0.00031945052851047983,
                1.7668309435461126e-07
            ],
            [
                4.277763633888853e-11,
                1.9171606523489314e-10,
                5.492757232495802e-11,
                4.785094846279553e-06,
                0.9999952146157325
            ],
            [
                6.224133577503266e-11,
                2.7894631426620547e-10,
                5.4927786034194095e-11,
                1.3709566534718366e-06,
                0.9999986286472311
            ]
        ],
        [
            [
                0.9999999999983413,
                1.6586783578009473e-12,
                0.0,
                0.0,
                0.0
            ],
            [
                0.999999999965901,
                3.331544540085432e-11,
                0.0,
                0.0,
                7.835041780170393e-13
            ],
            [
                1.8795288121097944e-12,
                2.172439929959455e-10,
                0.9999999977139333,
                2.061153617581253e-09,
                5.789356315087481e-12
            ],
            [
                1.493054915977868e-10,
                5.211273711087133e-10,
                1.317616338739172e-10,
                2.7535689810457764e-05,
                0.999972463507995
            ],
            [
                3.775135045275784e-11,
                9.056078191501441e-11,
                1.7832475274687167e-11,
                6.023574637272699e-08,
                0.9999999396181091
            ]
        ],
        [
            [
                0.9999999999953164,
                4.508755239256636e-12,
                0.0,
                0.0,
                1.7482341270930232e-13
            ],
            [
                0.9999999999954912,
                4.508755239255951e-12,
                0.0,
                0.0,
                0.0
            ],
            [
                1.981008797851991e-13,
                1.1399918529309963e-12,
                0.9999999999911222,
                7.433680671612994e-12,
                1.0603575990469443e-13
            ],
            [
                9.237379561086035e-09,
                1.6052158734784622e-09,
                3.5817207492205095e-10,
                7.889264956925503e-06,
                0.9999920995342756
            ],
            [
                6.224144572615478e-11,
                1.3176514163626656e-10,
                2.2897348271440482e-11,
                7.194132972195383e-09,
                0.9999999925889632
            ]
        ],
        [
            [
                0.9999999999975866,
                2.4133627705691446e-12,
                0.0,
                0.0,
                0.0
            ],
            [
                0.9999999999766276,
                2.2897348438558308e-11,
                0.0,
                0.0,
                4.752193059056703e-13
            ],
            [
                9.736164496061645e-10,
                2.2603210918172277e-06,
                0.9999963669929955,
                1.370954042982283e-06,
                7.582532533644819e-10
            ],
            [
                2.9987379872721683e-09,
                2.0610004685553804e-09,
                5.904865205722157e-10,
                7.484619664851703e-05,
                0.9999251481531265
            ],
            [
                2.594604894955369e-11,
                1.026186142521377e-10,
                1.5737074186309078e-11,
                1.3709566540470063e-06,
                0.9999986288990441
            ]
        ],
        [
            [
                0.9999999999981204,
                1.879528815109598e-12,
                0.0,
                0.0,
                0.0
            ],
            [
                0.9999999997529425,
                2.4616969477199426e-10,
                0.0,
                0.0,
                8.878265463689187e-13
            ],
            [
                1.6051823373579439e-09,
                2.1444817990262666e-05,
                0.9999724013818169,
                6.144043222003955e-06,
                8.151788540183803e-09
            ],
            [
                5.4927887709580855e-11,
                2.172440101193585e-10,
                4.847369076921957e-11,
                8.315279896787436e-07,
                0.9999991681513647
            ],
            [
                1.0261880910800273e-10,
                1.6918981335028015e-10,
                3.331544957428858e-11,
                6.825604227116457e-08,
                0.9999999314388337
            ]
        ],
        [
            [
                0.9999999999972653,
                2.7346982903259053e-12,
                0.0,
                0.0,
                0.0
            ],
            [
                0.9999999995400946,
                4.5990553738201343e-10,
                0.0,
                0.0,
                0.0
            ],
            [
                6.69154780099479e-10,
                3.7266282935973184e-06,
                0.9999933700433457,
                2.902301033269645e-06,
                3.5817274349635795e-10
            ],
            [
                1.3176464427942793e-10,
                2.789457541285121e-10,
                7.052853172530319e-11,
                2.9023121980449755e-06,
                0.999997097206563
            ],
            [
                3.7751343639288015e-11,
                1.317651364061108e-10,
                2.289734736257569e-11,
                4.691163797722453e-08,
                0.9999999528959482
            ]
        ],
        [
            [
                0.9999999999952931,
                4.508755239256531e-12,
                0.0,
                0.0,
                1.9810087967140462e-13
            ],
            [
                0.9999999999656786,
                3.3315445400846906e-11,
                0.0,
                0.0,
                1.0060392786546916e-12
            ],
            [
                1.3615261079186403e-13,
                1.6586783587058942e-12,
                0.9999999999906781,
                7.433680671418487e-12,
                9.357622967664818e-14
            ],
            [
                6.224121141600639e-11,
                2.789457569277166e-10,
                7.052853243305293e-11,
                3.7266391128475548e-06,
                0.9999962729491717
            ],
            [
                5.211413134003647e-10,
                5.211413134003647e-10,
                1.1628234471898644e-10,
                6.82560422257866e-08,
                0.9999999305853927
            ]
        ],
        [
            [
                0.9999999999969011,
                3.0988191366376095e-12,
                0.0,
                0.0,
                0.0
            ],
            [
                0.9999999998500804,
                1.4930946743260544e-10,
                0.0,
                0.0,
                6.101936669958526e-13
            ],
            [
                3.160869366032129e-10,
                3.72663536609625e-06,
                0.9999956252102546,
                6.475921233684385e-07,
                2.461687537452237e-10
            ],
            [
                9.056077251264268e-11,
                1.9171715691372118e-10,
                3.775134653326617e-11,
                1.6373771778876474e-07,
                0.999999835942253
            ],
            [
                2.9989606707299886e-09,
                5.21141222005542e-10,
                1.0261879104307208e-10,
                4.691163780738727e-08,
                0.9999999494656414
            ]
        ],
        [
            [
                0.9999999999920279,
                7.433680666656292e-12,
                0.0,
                0.0,
                5.384940213627942e-13
            ],
            [
                0.999999999937067,
                6.22414461716819e-11,
                0.0,
                0.0,
                6.914400100564091e-13
            ],
            [
                1.3615261079714009e-13,
                8.878265477688553e-13,
                0.9999999999930664,
                5.789356328227828e-12,
                1.2015425730728208e-13
            ],
            [
                8.997629255600781e-10,
                6.64839873270138e-09,
                5.17777813919877e-09,
                0.07585817501026591,
                0.9241418122637943
            ],
            [
                7.99195973139131e-11,
                2.789468036478029e-10,
                5.492788239914425e-11,
                1.9555680692519795e-08,
                0.999999980030525
            ]
        ],
        [
            [
                0.9999999999894489,
                9.5450349122093e-12,
                0.0,
                0.0,
                1.0060392781627832e-12
            ],
            [
                0.9999999999699891,
                2.9400777369669064e-11,
                0.0,
                0.0,
                6.101936672795369e-13
            ],
            [
                2.882350793233291e-13,
                2.129785170799805e-12,
                0.9999999999890041,
                8.423463753851735e-12,
                1.5428112030788963e-13
            ],
            [
                6.224121141726913e-11,
                2.1724317393415885e-10,
                3.331531973595996e-11,
                3.7266391129231605e-06,
                0.9999962730480874
            ],
            [
                5.211412265590568e-10,
                2.461696846809258e-10,
                2.9400776138725387e-11,
                4.1399375421920144e-08,
                0.9999999578039129
            ]
        ],
        [
            [
                0.9999999999983413,
                1.6586783576528838e-12,
                0.0,
                0.0,
                0.0
            ],
            [
                0.9999999999925664,
                7.43368066732095e-12,
                0.0,
                0.0,
                0.0
            ],
            [
                2.289735058154843e-11,
                6.825604009816135e-08,
                0.9999998993886314,
                3.2241870364920955e-08,
                9.056077830163414e-11
            ],
            [
                1.7832167876800682e-11,
                1.6918689820468315e-10,
                5.492694394685634e-11,
                1.670141510119435e-05,
                0.9999832983429529
            ],
            [
                4.847369314172924e-11,
                1.1628234488503662e-10,
                2.2897351327984408e-11,
                3.059023588646672e-07,
                0.9999996939099877
            ]
        ],
        [
            [
                0.9999999999991123,
                8.878265470818006e-13,
                0.0,
                0.0,
                0.0
            ],
            [
                0.9999999999969011,
                3.0988191366380078e-12,
                0.0,
                0.0,
                0.0
            ],
            [
                5.789356326228831e-12,
                6.224144620218072e-11,
                0.9999999996841409,
                2.4616969507515833e-10,
                1.6586783581974475e-12
            ],
            [
                7.052853241845474e-11,
                2.172431738847859e-10,
                6.224121140312353e-11,
                3.726639112076205e-06,
                0.999996273010875
            ],
            [
                1.9171714961825292e-10,
                1.3176514149298996e-10,
                2.289734824654274e-11,
                8.152020639736038e-09,
                0.9999999915015997
            ]
        ],
        [
            [
                0.9999999999899798,
                9.545034916357844e-12,
                0.0,
                0.0,
                4.752193059543564e-13
            ],
            [
                0.9999999999940745,
                5.7893563252775564e-12,
                0.0,
                0.0,
                1.3615261072775637e-13
            ],
            [
                3.3982679088621408e-09,
                8.315279479637433e-07,
                0.9999991181327418,
                4.691164145201852e-08,
                2.940077816602137e-11
            ],
            [
                1.162736905488055e-10,
                4.5987136697765093e-10,
                1.026111717614006e-10,
                7.48461980390545e-05,
                0.9999251531232047
            ],
            [
                7.582560406627833e-10,
                1.4930946720060816e-10,
                2.28973483921832e-11,
                1.4166087826668078e-09,
                0.9999999976529284
            ]
        ],
        [
            [
                0.9999999999915765,
                8.423463750977234e-12,
                0.0,
                0.0,
                0.0
            ],
            [
                0.9999999999976457,
                2.1297851695256072e-12,
                0.0,
                0.0,
                2.2447770535135776e-13
            ],
            [
                7.052880594640769e-11,
                6.825604095903541e-08,
                0.9999999120555056,
                1.9555683149449257e-08,
                6.224145279069477e-11
            ],
            [
                4.0508331599925537e-10,
                4.355056071767529e-09,
                2.3310935342545897e-09,
                0.22270014267217084,
                0.7772998502365962
            ],
            [
                2.9989606987717828e-09,
                2.061153535781329e-09,
                1.691897851482545e-10,
                3.653482060117432e-08,
                0.9999999582358754
            ]
        ],
        [
            [
                0.9999999999925664,
                7.433680665056597e-12,
                0.0,
                0.0,
                0.0
            ],
            [
                0.9999999999985363,
                1.4637785130133056e-12,
                0.0,
                0.0,
                0.0
            ],
            [
                4.847368618861755e-11,
                1.5229979470083282e-08,
                0.9999999820704645,
                2.6465735911856926e-09,
                4.508755160992255e-12
            ],
            [
                4.2695469966035984e-11,
                5.893927825551434e-10,
                1.4902183291147726e-10,
                0.0019267343423504865,
                0.9980732648765394
            ],
            [
                2.0206838970148485e-11,
                1.0261879570723441e-10,
                1.573710201334942e-11,
                4.944450472557582e-09,
                0.9999999949169867
            ]
        ],
        [
            [
                0.999999999987744,
                1.225606742657489e-11,
                0.0,
                0.0,
                0.0
            ],
            [
                0.999999999996021,
                3.97896253374711e-12,
                0.0,
                0.0,
                0.0
            ],
            [
                4.752193062125027e-13,
                3.0988191383004986e-12,
                0.9999999999803186,
                1.5737102104723227e-11,
                3.701011678089469e-13
            ],
            [
                2.5946095981390944e-11,
                1.0261880026666244e-10,
                2.5946095981390944e-11,
                3.927863696658615e-07,
                0.9999996070591194
            ],
            [
                5.109089665878295e-12,
                4.277788403004934e-11,
                9.545036114435868e-12,
                6.825604228438246e-08,
                0.9999999316865257
            ]
        ],
        [
            [
                0.9999999999981204,
                1.879528815670531e-12,
                0.0,
                0.0,
                0.0
            ],
            [
                0.9999999998302,
                1.6918979199310888e-10,
                0.0,
                0.0,
                6.101936667925158e-13
            ],
            [
                2.1724403181791086e-10,
                3.059020827152367e-07,
                0.9999996255818495,
                6.825604579999577e-08,
                4.277788623337806e-11
            ],
            [
                1.1628233787257563e-10,
                4.058652390707428e-10,
                6.224145028120272e-11,
                1.2751906745064778e-07,
                0.9999998718965435
            ],
            [
                1.917171497109964e-10,
                1.0261879542589705e-10,
                2.0206838914749872e-11,
                8.152020643679589e-09,
                0.9999999915334367
            ]
        ],
        [
            [
                0.9999999999992164,
                7.835041780428861e-13,
                0.0,
                0.0,
                0.0
            ],
            [
                0.9999999999925664,
                7.433680667321147e-12,
                0.0,
                0.0,
                0.0
            ],
            [
                8.423463931570537e-12,
                1.6052280889352579e-09,
                0.9999993507294934,
                6.475946136051551e-07,
                6.224144753769362e-11
            ],
            [
                4.79951590976004e-09,
                1.1513440138925379e-08,
                4.79951590976004e-09,
                0.029312227324345297,
                0.9706877515631827
            ],
            [
                7.052879772526249e-11,
                1.6918979037633503e-10,
                2.9400777065249906e-11,
                1.0467401678112825e-08,
                0.9999999892634789
            ]
        ],
        [
            [
                0.99999999999886,
                1.139991852448959e-12,
                0.0,
                0.0,
                0.0
            ],
            [
                0.9999999999925664,
                7.433680668421263e-12,
                0.0,
                0.0,
                0.0
            ],
            [
                5.109088942360794e-12,
                1.4166087628802594e-09,
                0.9999999833280958,
                1.5229979489236984e-08,
                2.0206838751262083e-11
            ],
            [
                1.493080549344467e-10,
                3.160851547766298e-10,
                1.1628123010181542e-10,
                1.0129988092460646e-05,
                0.999989869430233
            ],
            [
                1.416608770050889e-09,
                4.058652078937937e-10,
                6.224144550006273e-11,
                9.23744955377516e-09,
                0.9999999888778349
            ]
        ],
        [
            [
                0.9999999999964886,
                3.5114221110133367e-12,
                0.0,
                0.0,
                0.0
            ],
            [
                0.9999999999964886,
                3.511422110700929e-12,
                0.0,
                0.0,
                0.0
            ],
            [
                2.058046488797397e-09,
                6.134950118483785e-06,
                0.998492686337262,
                0.001501172809636042,
                3.844937032903317e-09
            ],
            [
                2.4613073562487335e-10,
                5.904369407764561e-10,
                1.6916301577591064e-10,
                0.0001584362486790886,
                0.9998415627455902
            ],
            [
                3.331544500423503e-11,
                1.49309465748929e-10,
                2.5946094657670566e-11,
                1.186112000272878e-08,
                0.9999999879303089
            ]
        ],
        [
            [
                0.9999999999954912,
                4.5087552392574235e-12,
                0.0,
                0.0,
                0.0
            ],
            [
                0.999999999986112,
                1.3887943854240527e-11,
                0.0,
                0.0,
                0.0
            ],
            [
                2.1724359009603206e-10,
                1.0677030455991825e-06,
                0.9999989036125276,
                2.845329525330598e-08,
                1.388791807570601e-11
            ],
            [
                3.850565973122706e-09,
                3.850565973122706e-09,
                9.735755442638555e-10,
                4.539785533067902e-05,
                0.9999545934699618
            ],
            [
                1.3887943411067893e-11,
                5.4927881714352824e-11,
                1.3887943411067893e-11,
                3.224186631881461e-08,
                0.9999999676754299
            ]
        ],
        [
            [
                0.9999999999989939,
                1.006039278417609e-12,
                0.0,
                0.0,
                0.0
            ],
            [
                0.999999999996021,
                3.978962533991461e-12,
                0.0,
                0.0,
                0.0
            ],
            [
                8.423463611619289e-12,
                1.6052280279633425e-09,
                0.9999999831441132,
                1.5229979486434933e-08,
                1.2256067236254894e-11
            ],
            [
                3.775127846219502e-11,
                1.9171681122029754e-10,
                5.4927786053354765e-11,
                1.3709566539500727e-06,
                0.9999986287589502
            ],
            [
                6.22414428461667e-11,
                1.3176513553933173e-10,
                2.59460935725575e-11,
                5.315784965503932e-08,
                0.9999999466221976
            ]
        ],
        [
            [
                0.9999999999656786,
                3.3315445383765225e-11,
                0.0,
                0.0,
                1.0060392781388693e-12
            ],
            [
                0.9999999999964886,
                3.511422111533539e-12,
                0.0,
                0.0,
                0.0
            ],
            [
                6.101936676972883e-13,
                5.109089027533789e-12,
                0.9999999999762736,
                1.7832472906298125e-11,
                1.7482341280898594e-13
            ],
            [
                2.0592752806856004e-09,
                2.3334645987476425e-09,
                7.575650394767836e-10,
                0.0009110514015357266,
                0.9990889434481594
            ],
            [
                7.991959791635509e-11,
                3.160881414241479e-10,
                6.224144544000916e-11,
                1.1861120000973959e-08,
                0.9999999876806308
            ]
        ],
        [
            [
                0.9999999999978701,
                2.129785169335538e-12,
                0.0,
                0.0,
                0.0
            ],
            [
                0.999999999976215,
                2.2897348440588962e-11,
                0.0,
                0.0,
                8.878265472307522e-13
            ],
            [
                1.7832472456119665e-11,
                5.602796295514693e-09,
                0.9999999748007935,
                1.9555680592143002e-08,
                2.2897347876041725e-11
            ],
            [
                7.991671230530376e-11,
                3.1607672861104735e-10,
                7.991671230530376e-11,
                3.535625802600366e-05,
                0.9999646432660638
            ],
            [
                6.691585860643045e-10,
                4.058651986579557e-10,
                4.847368539188147e-11,
                3.224186626123467e-08,
                0.9999999666346362
            ]
        ],
        [
            [
                0.9999999999934397,
                6.560200161721709e-12,
                0.0,
                0.0,
                0.0
            ],
            [
                0.999999999996021,
                3.978962533746659e-12,
                0.0,
                0.0,
                0.0
            ],
            [
                1.0466563993778773e-08,
                5.8289997880972396e-05,
                0.9999202502413607,
                2.1443691846336684e-05,
                5.602347994995453e-09
            ],
            [
                5.905303677175128e-10,
                2.789467940876053e-10,
                5.492788051662974e-11,
                5.315784964777278e-08,
                0.9999999459177454
            ],
            [
                7.582560011147135e-10,
                3.1608812805802884e-10,
                6.224144280806426e-11,
                5.31578496224976e-08,
                0.9999999457055647
            ]
        ],
        [
            [
                0.9999999999981204,
                1.879528815555572e-12,
                0.0,
                0.0,
                0.0
            ],
            [
                0.999999999994891,
                5.109089025687525e-12,
                0.0,
                0.0,
                0.0
            ],
            [
                8.878265477787859e-13,
                3.97896253553616e-12,
                0.9999999999865736,
                8.423463753831261e-12,
                1.36152610798663e-13
            ],
            [
                7.039292556490216e-11,
                2.0571828329000486e-09,
                9.71744363134991e-10,
                0.22270014349305106,
                0.7772998534076287
            ],
            [
                9.736200749013494e-10,
                5.90530426339379e-10,
                7.052880166952346e-11,
                5.043472041702462e-07,
                0.9999994940181165
            ]
        ],
        [
            [
                0.999999999996021,
                3.978962532402616e-12,
                0.0,
                0.0,
                0.0
            ],
            [
                0.999999999996021,
                3.978962532400947e-12,
                0.0,
                0.0,
                0.0
            ],
            [
                2.1724401089869254e-10,
                8.764248921038212e-08,
                0.9999997675516697,
                1.444980361782635e-07,
                9.056077714628887e-11
            ],
            [
                6.22414492323016e-11,
                1.1628233591297039e-10,
                1.5737102866196786e-11,
                1.4449803158312597e-07,
                0.9999998553077075
            ],
            [
                4.5990559075983376e-10,
                4.5990559075983376e-10,
                9.056078031229337e-11,
                7.734422796691995e-08,
                0.9999999216454001
            ]
        ],
        [
            [
                0.999999999994891,
                5.109089025372996e-12,
                0.0,
                0.0,
                0.0
            ],
            [
                0.9999999999666846,
                3.331544538811762e-11,
                0.0,
                0.0,
                0.0
            ],
            [
                9.66965487151164e-07,
                0.6224431836179694,
                0.3775308852791596,
                2.49383686018227e-05,
                2.5768781963001575e-08
            ],
            [
                1.1627923378130139e-10,
                4.058544047276243e-10,
                7.991747072391747e-11,
                2.7535689812372103e-05,
                0.9999724637081365
            ],
            [
                7.99195983784707e-11,
                9.056076927228611e-11,
                1.783247278518636e-11,
                6.348800072266878e-09,
                0.9999999934628871
            ]
        ],
        [
            [
                0.9999999999972653,
                2.734698289753661e-12,
                0.0,
                0.0,
                0.0
            ],
            [
                0.9999999999954912,
                4.50875523961027e-12,
                0.0,
                0.0,
                0.0
            ],
            [
                1.2015425730133278e-13,
                8.878265477248955e-13,
                0.9999999999953979,
                3.511422112897669e-12,
                8.25807328442979e-14
            ],
            [
                2.9989494887304174e-09,
                4.363445758976401e-09,
                5.211392788653808e-10,
                3.726639085261369e-06,
                0.9999962654773803
            ],
            [
                1.1628233885795309e-10,
                3.1608816868829106e-10,
                4.8473690629267026e-11,
                2.3823698427902172e-07,
                0.9999997612821715
            ]
        ],
        [
            [
                0.9999999999833751,
                1.5737102091279316e-11,
                0.0,
                0.0,
                8.878265469668001e-13
            ],
            [
                0.9999999999915765,
                8.423463748006014e-12,
                0.0,
                0.0,
                0.0
            ],
            [
                1.3615261079615834e-13,
                1.6586783587582095e-12,
                0.9999999999858558,
                1.2256067442946629e-11,
                9.35762296795996e-14
            ],
            [
                2.461687639887532e-10,
                3.5817343815081017e-10,
                5.492767573235153e-11,
                2.902312197823527e-06,
                0.9999970970285322
            ],
            [
                7.582531815762984e-10,
                5.211392823065342e-10,
                1.1628189152069476e-10,
                3.726639109868873e-06,
                0.9999962719652158
            ]
        ],
        [
            [
                0.9999999999972653,
                2.7346982901585357e-12,
                0.0,
                0.0,
                0.0
            ],
            [
                0.999999999989184,
                1.081594154992801e-11,
                0.0,
                0.0,
                0.0
            ],
            [
                9.704958898514086e-10,
                9.899327203020594e-08,
                0.0031725709494350236,
                0.9967920850071025,
                3.5244079694601785e-05
            ],
            [
                1.6916882434786775e-10,
                7.581620711217788e-10,
                1.6916882434786775e-10,
                0.00012339462930475187,
                0.9998766042741956
            ],
            [
                3.33154496445154e-11,
                7.052880745089784e-11,
                1.3887945625310336e-11,
                1.855391597793437e-07,
                0.999999814343108
            ]
        ],
        [
            [
                0.9999999999934397,
                6.5602001624722175e-12,
                0.0,
                0.0,
                0.0
            ],
            [
                0.999999999989184,
                1.0815941539797054e-11,
                0.0,
                0.0,
                0.0
            ],
            [
                1.317553550398733e-10,
                9.930456612017434e-08,
                0.9999250525464202,
                7.48461984317472e-05,
                1.8188265730595397e-09
            ],
            [
                7.582560977709966e-10,
                5.905304427127199e-10,
                1.3176515225501236e-10,
                2.3823698402432336e-07,
                0.9999997602824642
            ],
            [
                3.775134520879361e-11,
                1.317651418842236e-10,
                2.0206838964972405e-11,
                5.602796402808979e-09,
                0.9999999942074802
            ]
        ],
        [
            [
                0.999999999989184,
                1.0815941551529645e-11,
                0.0,
                0.0,
                0.0
            ],
            [
                0.999999999994891,
                5.109089025020151e-12,
                0.0,
                0.0,
                0.0
            ],
            [
                9.357622968032193e-14,
                1.1399918529459231e-12,
                0.9999999999935749,
                5.1090890276221826e-12,
                8.25807328484288e-14
            ],
            [
                7.052880390072094e-11,
                2.7894683060317136e-10,
                7.991960503675548e-11,
                8.315279896392344e-07,
                0.9999991680426151
            ],
            [
                1.0261879332120414e-10,
                2.4616968799495246e-10,
                3.3315444449065467e-11,
                2.8453347259177598e-08,
                0.9999999711645489
            ]
        ],
        [
            [
                0.9999999999989939,
                1.0060392785191793e-12,
                0.0,
                0.0,
                0.0
            ],
            [
                0.9999999999705993,
                2.940077734478537e-11,
                0.0,
                0.0,
                0.0
            ],
            [
                3.5816187680602594e-10,
                6.023356620426742e-08,
                0.9999645817321803,
                3.5356259533908435e-05,
                1.4165577019930605e-09
            ],
            [
                7.989277961627841e-11,
                4.597512033733718e-10,
                1.0258435963713377e-10,
                0.00033535005621027,
                0.9996646493015614
            ],
            [
                4.058652114901189e-10,
                1.9171715082909032e-10,
                2.9400777308999295e-11,
                1.818961682365713e-09,
                0.9999999975540552
            ]
        ],
        [
            [
                0.999999999994891,
                5.109089025372996e-12,
                0.0,
                0.0,
                0.0
            ],
            [
                0.9999999999954912,
                4.508755239255951e-12,
                0.0,
                0.0,
                0.0
            ],
            [
                7.052879492074706e-11,
                4.139937508035412e-08,
                0.9999999492852133,
                9.237449191724329e-09,
                7.433680293929495e-12
            ],
            [
                2.5945949841814222e-11,
                1.917160789212061e-10,
                4.2777639392717735e-11,
                6.14417212341873e-06,
                0.9999938555674369
            ],
            [
                1.4930946720840087e-10,
                7.05287983168299e-11,
                1.3887943826705717e-11,
                2.061153616760522e-09,
                0.9999999977051202
            ]
        ],
        [
            [
                0.9999999999985363,
                1.4637785135291916e-12,
                0.0,
                0.0,
                0.0
            ],
            [
                0.999999999994891,
                5.109089025019004e-12,
                0.0,
                0.0,
                0.0
            ],
            [
                5.109088923810771e-12,
                7.582560273187398e-10,
                0.999999979665217,
                1.9555680688810727e-08,
                1.5737101785742427e-11
            ],
            [
                1.4149507853345036e-09,
                2.995450836059261e-09,
                7.573685786422136e-10,
                0.0011695103440682896,
                0.9988304844881616
            ],
            [
                1.4930948335347373e-10,
                1.3176515658594675e-10,
                3.331544893233991e-11,
                8.764249142992268e-08,
                0.9999999120431186
            ]
        ],
        [
