{
    "[['A', 'B', 'C', 'D', 'E'], ['A', 'B', 'C', 'D', 'E']]": [
        [
            [
                0.9999999999942106,
                5.789356324823138e-12,
                0.0,
                0.0,
                0.0
            ],
            [
                0.9999999994781672,
                5.211412472997315e-10,
                0.0,
                0.0,
                6.914400087182817e-13
            ],
            [
                1.0603575990595111e-13,
                2.4133627716218345e-12,
                0.9999999999923326,
                5.109089027615835e-12,
                3.900837609839052e-14
            ],
            [
                7.693640141115112e-11,
                1.9842159443991993e-09,
                1.576257962601111e-07,
                0.9626729582365665,
                0.03732688207648486
            ],
            [
                5.1014161344938545e-12,
                9.042476460397097e-11,
                2.2862960933207365e-11,
                0.001501182031631937,
                0.998498817849979
            ]
        ],
        [
            [
                0.9999999999985363,
                1.4637785131436525e-12,
                0.0,
                0.0,
                0.0
            ],
            [
                0.9999999999816924,
                1.783247289429834e-11,
                0.0,
                0.0,
                4.752193059080772e-13
            ],
            [
                7.73014525611352e-08,
                0.0005527785491222176,
                0.9994470444327441,
                9.92570298353793e-08,
                4.596512388995263e-10
            ],
            [
                2.645670516214396e-09,
                1.1249677296510075e-07,
                6.142115688593136e-06,
                0.9996583945879812,
                0.00033534815388673703
            ],
            [
                5.4414923785249525e-12,
                2.970954172869163e-10,
                5.1627442243002985e-11,
                0.06008665448057175,
                0.9399133451652638
            ]
        ],
        [
            [
                0.9999999999877203,
                1.0815941543631295e-11,
                0.0,
                0.0,
                1.4637785122779872e-12
            ],
            [
                0.999999999990455,
                9.54503491344781e-12,
                0.0,
                0.0,
                0.0
            ],
            [
                1.0863993484595033e-07,
                0.14804690280601215,
                0.8519510603083286,
                1.9256907581533708e-06,
                2.554966377520448e-09
            ],
            [
                4.464245270999012e-10,
                6.162700502830507e-09,
                2.3125363028424864e-07,
                0.9706875413881408,
                0.029312220749103834
            ],
            [
                7.299974067046084e-12,
                3.1040279590319833e-10,
                2.5989707901255695e-09,
                0.982013785585676,
                0.01798621149765046
            ]
        ],
        [
            [
                0.9999999999950149,
                3.978962532800332e-12,
                0.0,
                0.0,
                1.0060392785154663e-12
            ],
            [
                0.9999999999450722,
                5.492788346486453e-11,
                0.0,
                0.0,
                0.0
            ],
            [
                1.3615261079852325e-13,
                1.4637785140136456e-12,
                0.9999999999938345,
                4.50875524194903e-12,
                5.6756852321974306e-14
            ],
            [
                7.808330734766665e-11,
                2.2819287325055972e-09,
                8.562874395721174e-08,
                0.9770225435906097,
                0.022977368420634314
            ],
            [
                1.1087461193461706e-11,
                4.714508465796992e-10,
                4.1605391182746983e-10,
                0.9046505291553131,
                0.09534946994609479
            ]
        ],
        [
            [
                0.9999999999994615,
                5.384940214943269e-13,
                0.0,
                0.0,
                0.0
            ],
            [
                0.9999999999915765,
                8.423463743862539e-12,
                0.0,
                0.0,
                0.0
            ],
            [
                1.2015425730634794e-13,
                7.835041784322978e-13,
                0.999999999995933,
                3.0988191384285916e-12,
                6.431393940843412e-14
            ],
            [
                4.27542264843434e-11,
                2.645110328780384e-09,
                5.040688050170576e-07,
                0.9994467149412046,
                0.0005527783021258173
            ],
            [
                2.7235690252021654e-12,
                1.0220117367677562e-10,
                2.0124604316528667e-11,
                0.004070137781736502,
                0.9959298620932142
            ]
        ],
        [
            [
                0.9999999999985363,
                1.4637785130131519e-12,
                0.0,
                0.0,
                0.0
            ],
            [
                0.9999999999771028,
                2.2897348442402187e-11,
                0.0,
                0.0,
                0.0
            ],
            [
                3.4424771081250104e-14,
                2.129785170742362e-12,
                0.9999999999903519,
                7.433680671607269e-12,
                5.008774637341583e-14
            ],
            [
                2.3339274813819537e-09,
                2.3806684823653322e-07,
                3.723992070792981e-06,
                0.9992863679960571,
                0.0007096676110963508
            ],
            [
                1.291223313574223e-12,
                4.8452797379095386e-11,
                8.419833671770797e-12,
                0.0004305571202563221,
                0.9995694428215798
            ]
        ],
        [
            [
                0.999999999996291,
                3.0988191363606332e-12,
                0.0,
                0.0,
                6.101936672955861e-13
            ],
            [
                0.9999999999978701,
                2.1297851693351796e-12,
                0.0,
                0.0,
                0.0
            ],
            [
                1.2917800046248274e-12,
                8.423463753417695e-12,
                0.9999999999778539,
                1.2256067442570355e-11,
                1.7482341280529387e-13
            ],
            [
                2.7655388132898447e-10,
                4.3260305617727645e-09,
                3.89417232466205e-07,
                0.9914221247194207,
                0.008577481260762396
            ],
            [
                3.4812997184218494e-12,
                1.1528481357920783e-10,
                1.7679498764163178e-11,
                0.008577485681934805,
                0.9914225141816195
            ]
        ],
        [
            [
                0.9999999999995806,
                4.1937956547724136e-13,
                0.0,
                0.0,
                0.0
            ],
            [
                0.9999999999842628,
                1.5737102096084627e-11,
                0.0,
                0.0,
                0.0
            ],
            [
                2.3355441538632474e-09,
                2.1444939003754486e-05,
                0.9999785203349532,
                3.2241192536840494e-08,
                1.4930634251030695e-10
            ],
            [
                2.157899312942851e-10,
                2.97888811515828e-09,
                4.421061957837603e-07,
                0.993306706257541,
                0.006692848441585155
            ],
            [
                4.29492173473639e-12,
                2.0694091812868623e-10,
                1.4222827437300638e-10,
                0.047425875425588584,
                0.9525741242209473
            ]
        ],
        [
            [
                0.9999999999991123,
                8.878265470820137e-13,
                0.0,
                0.0,
                0.0
            ],
            [
                0.9999999998308102,
                1.691897920874684e-10,
                0.0,
                0.0,
                0.0
            ],
            [
                3.849670071115803e-09,
                0.00020341173371495573,
                0.9997217478204513,
                7.483099492677214e-05,
                5.601236902586135e-09
            ],
            [
                7.979957283477887e-11,
                9.721578141264104e-10,
                2.212620986386936e-08,
                0.9984987948314623,
                0.0015011819903704886
            ],
            [
                4.752148104875697e-13,
                2.594584952097254e-11,
                2.7346724201093252e-12,
                1.0129988102650056e-05,
                0.9999898699827416
            ]
        ],
        [
            [
                0.9999999999925664,
                7.433680665059349e-12,
                0.0,
                0.0,
                0.0
            ],
            [
                0.9999999999934397,
                6.560200164234602e-12,
                0.0,
                0.0,
                0.0
            ],
            [
                3.3981124929857594e-09,
                4.5397854642751045e-05,
                0.9999538638560613,
                7.337879778324475e-07,
                1.1032056052090597e-09
            ],
            [
                2.644005688071044e-09,
                3.924056110787799e-07,
                5.823815638977875e-05,
                0.999030369186372,
                0.0009109976076214762
            ],
            [
                5.759135152024311e-12,
                1.485300531997623e-10,
                6.191653795980923e-11,
                0.005220125699229253,
                0.9947798740845649
            ]
        ],
        [
            [
                0.9999999999993898,
                6.101936673996464e-13,
                0.0,
                0.0,
                0.0
            ],
            [
                0.9999999995400946,
                4.599055372058283e-10,
                0.0,
                0.0,
                0.0
            ],
            [
                5.211412868868639e-10,
                2.3823698416648564e-07,
                0.9999997605676068,
                6.691586580480913e-10,
                5.1090894015630725e-12
            ],
            [
                1.0236504682425796e-10,
                1.8144638701732524e-09,
                3.9181509643743484e-07,
                0.9975269845774553,
                0.0024726216906192926
            ],
            [
                3.0987072133554464e-12,
                6.223919814799878e-11,
                2.2896521433644458e-11,
                3.5356257920604475e-05,
                0.999964643653845
            ]
        ],
        [
            [
                0.9999999999938849,
                5.109089022391446e-12,
                0.0,
                0.0,
                1.0060392781664577e-12
            ],
            [
                0.9999999999821676,
                1.7832472885524195e-11,
                0.0,
                0.0,
                0.0
            ],
            [
                4.139748384272243e-08,
                4.539785345743579e-05,
                0.9999545535067833,
                7.193804016275965e-09,
                4.847147018347562e-11
            ],
            [
                9.232200950594602e-09,
                6.140715360626887e-06,
                1.0124328032380557e-05,
                0.9994309561435093,
                0.0005527695808966816
            ],
            [
                4.177057590595202e-12,
                2.584254022427452e-10,
                5.7662501388846136e-11,
                0.18242551502893137,
                0.8175744846508036
            ]
        ],
        [
            [
                0.9999999999992164,
                7.835041778322032e-13,
                0.0,
                0.0,
                0.0
            ],
            [
                0.9999999998308102,
                1.6918979183755915e-10,
                0.0,
                0.0,
                0.0
            ],
            [
                1.748234128031201e-13,
                2.1297851706635808e-12,
                0.9999999999945661,
                3.098819138296671e-12,
                3.037975385026321e-14
            ],
            [
                9.652678907674212e-10,
                1.0377607821736657e-08,
                1.4325859367105005e-07,
                0.9914223600364493,
                0.008577485362081317
            ],
            [
                1.3724050839523775e-11,
                3.53947936192157e-10,
                4.544781462549005e-10,
                0.3208212876318356,
                0.6791787115460142
            ]
        ],
        [
            [
                0.9999999999983413,
                1.6586783576529888e-12,
                0.0,
                0.0,
                0.0
            ],
            [
                0.9999999530883621,
                4.691163795899558e-08,
                0.0,
                0.0,
                0.0
            ],
            [
                2.5946094240121325e-11,
                2.5109990838727886e-08,
                0.9999999714573719,
                3.398267722227988e-09,
                8.423463513367653e-12
            ],
            [
                5.456023615987001e-11,
                1.2417852512766849e-09,
                1.9424789564935294e-08,
                0.9933071279969939,
                0.006692851281871072
            ],
            [
                2.7112389470318993e-12,
                1.3063480817991445e-10,
                4.805786023076549e-11,
                0.008577485686507793,
                0.9914225141320883
            ]
        ],
        [
            [
                0.9999999999969011,
                3.0988191348360824e-12,
                0.0,
                0.0,
                0.0
            ],
            [
                0.9999546021413842,
                4.539785732404521e-05,
                1.2917209897808813e-12,
                0.0,
                0.0
            ],
            [
                5.675685231949413e-14,
                1.2917800046304757e-12,
                0.99999999999589,
                2.7346982912626377e-12,
                2.6810038674590308e-14
            ],
            [
                1.0173849565419222e-10,
                3.817708884097833e-09,
                6.767050914290613e-08,
                0.9914224423362916,
                0.008577486073751797
            ],
            [
                9.795703879185219e-12,
                7.781691444639378e-10,
                1.5323058982860848e-10,
                0.37754067573514816,
                0.6224593233236564
            ]
        ],
        [
            [
                0.9999999999995248,
                4.752193059961371e-13,
                0.0,
                0.0,
                0.0
            ],
            [
                0.9999999988967441,
                1.1032560300518676e-09,
                0.0,
                0.0,
                0.0
            ],
            [
                3.386221870425806e-08,
                1.5479934260207136e-05,
                0.4378120478979995,
                0.5621617991126683,
                1.0639192853429423e-05
            ],
            [
                2.1691773296681273e-10,
                3.844958816302717e-09,
                2.3787917862253684e-07,
                0.9984985760394305,
                0.0015011820195144254
            ],
            [
                2.1245188436523307e-12,
                1.0236505045745439e-10,
                2.932807798689608e-11,
                0.002472622973115351,
                0.9975273768930669
            ]
        ],
        [
            [
                0.9999999999987081,
                1.2917800039196317e-12,
                0.0,
                0.0,
                0.0
            ],
            [
                0.999999999996021,
                3.978962532802862e-12,
                0.0,
                0.0,
                0.0
            ],
            [
                2.3777779934261052e-07,
                0.11920272301222017,
                0.8807956682517498,
                1.3683167603917402e-06,
                2.6414702306644163e-09
            ],
            [
                8.138690629118504e-09,
                1.146012973289989e-05,
                0.00012320800587255242,
                0.9983643436539743,
                0.0015009800717294454
            ],
            [
                3.923002078489397e-12,
                1.2991198686406572e-10,
                2.5581186962508434e-11,
                0.014063627300427978,
                0.9859363725401558
            ]
        ],
        [
            [
                0.9999999999991105,
                6.914400103330672e-13,
                0.0,
                0.0,
                1.981008797014832e-13
            ],
            [
                0.9999999995400946,
                4.599055373820595e-10,
                0.0,
                0.0,
                0.0
            ],
            [
                9.736182501518218e-10,
                1.0677030750080961e-06,
                0.9999989309139308,
                4.058644701541437e-10,
                3.5114156895497026e-12
            ],
            [
                1.704008123095513e-07,
                0.0061881882043625285,
                0.9184087165707536,
                0.07538758583177607,
                1.5338992295384453e-05
            ],
            [
                1.87819571136205e-12,
                4.84393058270415e-11,
                6.555547173887564e-12,
                0.0007096703451135463,
                0.9992903295980133
            ]
        ],
        [
            [
                0.9999999999985363,
                1.4637785130133056e-12,
                0.0,
                0.0,
                0.0
            ],
            [
                0.9999999999991123,
                8.878265472508817e-13,
                0.0,
                0.0,
                0.0
            ],
            [
                6.702744531602674e-08,
                0.017985980531188894,
                0.9820011513178499,
                1.2773182319640203e-05,
                2.7941196228329683e-08
            ],
            [
                2.2700925618739952e-11,
                5.166706856084747e-10,
                6.2943375070977656e-09,
                0.9914225075559387,
                0.008577485610352103
            ],
            [
                5.721035551179157e-12,
                5.149912083854474e-10,
                1.0140778155861062e-10,
                0.32082128787368114,
                0.6791787115041988
            ]
        ],
        [
            [
                0.9999999999996299,
                3.701011676404534e-13,
                0.0,
                0.0,
                0.0
            ],
            [
                0.9999999999930202,
                6.5602001617187044e-12,
                0.0,
                0.0,
                4.1937956542657397e-13
            ],
            [
                1.0719805324707306e-07,
                0.0474258554047232,
                0.9525738364025991,
                2.002723296234484e-07,
                7.222948011839201e-10
            ],
            [
                1.0249869660242427e-10,
                2.3328595818944007e-09,
                6.817615044305506e-08,
                0.998830418989123,
                0.0011695103993683102
            ],
            [
                1.00486181441952e-12,
                4.841695362842186e-11,
                8.413604961868205e-12,
                0.0011695103522318842,
                0.9988304895899327
            ]
        ],
        [
            [
                0.9999999999953295,
                3.9789625334665305e-12,
                0.0,
                0.0,
                6.914400102820528e-13
            ],
            [
                0.9999999985833912,
                1.4166087835620158e-09,
                0.0,
                0.0,
                0.0
            ],
            [
                5.211373337773943e-10,
                8.3152326534527e-07,
                0.9999930103432332,
                6.1441720552021964e-06,
                1.3440308981658695e-08
            ],
            [
                6.3458827227153235e-09,
                4.4488072497968e-07,
                0.00012335309495542396,
                0.9995408872019353,
                0.00033530847650151206
            ],
            [
                7.807477531791118e-12,
                6.202247624333718e-10,
                6.202247624333718e-10,
                0.5621765003424078,
                0.4378234984093351
            ]
        ],
        [
            [
                0.9999999999972653,
                2.734698289509901e-12,
                0.0,
                0.0,
                0.0
            ],
            [
                0.9999999999094393,
                9.056076980031766e-11,
                0.0,
                0.0,
                0.0
            ],
            [
                3.850734845026365e-09,
                2.260325252450055e-06,
                0.9999977308090425,
                4.944441413938984e-09,
                7.052866887776867e-11
            ],
            [
                1.7679498704743088e-11,
                3.133766127964029e-10,
                3.3691160963820725e-09,
                0.991422510666407,
                0.008577485633420805
            ],
            [
                1.6586784392050398e-12,
                3.331544703434812e-11,
                3.978962728444877e-12,
                1.4449803160556763e-07,
                0.9999998554630153
            ]
        ],
        [
            [
                0.999999999994881,
                4.508755239254673e-12,
                0.0,
                0.0,
                6.101936673490925e-13
            ],
            [
                0.9999999999771028,
                2.2897348430661134e-11,
                0.0,
                0.0,
                0.0
            ],
            [
                3.1608815430034757e-10,
                3.9278636556912356e-07,
                0.9999995963968287,
                1.0467402088444884e-08,
                3.331544635644756e-11
            ],
            [
                5.886568867408118e-10,
                1.3397768988302921e-08,
                4.436727521662927e-07,
                0.9968268607281544,
                0.0031726816126676103
            ],
            [
                7.831665282261757e-13,
                4.275944360902944e-11,
                4.506812199088468e-12,
                0.0004305571205817357,
                0.9995694428313688
            ]
        ],
        [
            [
                0.9999999999975866,
                2.413362770211574e-12,
                0.0,
                0.0,
                0.0
            ],
            [
                0.9999977396743585,
                2.260325271376751e-06,
                3.7010049070487643e-13,
                0.0,
                0.0
            ],
            [
                9.357622967801519e-14,
                1.6586783587301252e-12,
                0.9999999999916231,
                6.560200167425625e-12,
                6.431393940738143e-14
            ],
            [
                6.517860812249476e-11,
                1.0195649735839426e-09,
                5.867191325347868e-09,
                0.9241418177085039,
                0.07585817533956121
            ],
            [
                1.2176966954802033e-10,
                1.680978436888522e-09,
                1.807222134049852e-08,
                0.9241418057508978,
                0.07585817437413286
            ]
        ],
        [
            [
                0.9999999999983413,
                1.6586783576528838e-12,
                0.0,
                0.0,
                0.0
            ],
            [
                0.9999999999572222,
                4.2777878651086626e-11,
                0.0,
                0.0,
                0.0
            ],
            [
                4.1937956580066665e-13,
                5.7893563282159096e-12,
                0.9999999999733298,
                2.0206839088425544e-11,
                2.5436656471507607e-13
            ],
            [
                1.3164506780547062e-10,
                7.187577163166532e-09,
                2.1005179471590232e-07,
                0.9990887316429233,
                0.000911050986059763
            ],
            [
                1.6986744943229605e-11,
                6.374229013774431e-10,
                1.5290980499231742e-09,
                0.9525741225500689,
                0.04742587526642336
            ]
        ],
        [
            [
                0.9999999999991123,
                8.878265469803996e-13,
                0.0,
                0.0,
                0.0
            ],
            [
                0.9999999999882963,
                1.0815941548957852e-11,
                0.0,
                0.0,
                8.87826547162375e-13
            ],
            [
                9.357622967920721e-14,
                2.4133627715960836e-12,
                0.9999999999816624,
                1.573710210531662e-11,
                9.357622967920721e-14
            ],
            [
                8.575581683561136e-10,
                5.305524518095091e-08,
                3.282411788586571e-06,
                0.9980699357771564,
                0.0019267278982516335
            ],
            [
                1.0056057276875033e-12,
                4.275944360673313e-11,
                9.540921499828118e-12,
                0.0004305571213350026,
                0.9995694428253591
            ]
        ],
        [
            [
                0.9999999999997455,
                2.5436656460497245e-13,
                0.0,
                0.0,
                0.0
            ],
            [
                0.9999999999697116,
                2.940077735951764e-11,
                0.0,
                0.0,
                8.87826546839575e-13
            ],
            [
                3.397729900518067e-09,
                0.00015843624193854786,
                0.9998415351225705,
                2.5106016843942056e-08,
                1.3174428531874367e-10
            ],
            [
                3.5748478007530723e-10,
                1.1838270060547525e-08,
                1.4421965351779695e-07,
                0.9980731093288641,
                0.001926734255727545
            ],
            [
                1.7636556501334183e-11,
                3.5423970680543324e-10,
                2.1485724306510929e-10,
                0.010986942373249169,
                0.9890130570400174
            ]
        ],
        [
            [
                0.9999999999991016,
                6.101936673515127e-13,
                0.0,
                0.0,
                2.882350791512315e-13
            ],
            [
                0.9999999999088292,
                9.056076981066084e-11,
                0.0,
                0.0,
                6.101936671806119e-13
            ],
            [
                6.22414540390497e-11,
                3.0590235888603223e-07,
                0.9999996936759331,
                3.581748379716032e-10,
                1.2917801668767912e-12
            ],
            [
                1.1194181370659315e-10,
                2.8870174264401386e-09,
                6.570821375896107e-08,
                0.9626730457971894,
                0.037326885495637556
            ],
            [
                4.492893106626802e-11,
                9.024217038508798e-10,
                1.1587324043151876e-09,
                0.5621764997601697,
                0.43782349813374716
            ]
        ],
        [
            [
                0.9999999999985363,
                1.4637785130131519e-12,
                0.0,
                0.0,
                0.0
            ],
            [
                0.9999999999954912,
                4.508755237881564e-12,
                0.0,
                0.0,
                0.0
            ],
            [
                3.220412941764123e-08,
                0.0011695103010266627,
                0.9988304251217227,
                3.220412941764123e-08,
                1.689917616486908e-10
            ],
            [
                1.4144812262145278e-09,
                5.307801642815311e-08,
                1.5511655353339598e-06,
                0.9984972145489268,
                0.0015011797930401735
            ],
            [
                1.8788980879409972e-12,
                5.490945091800743e-11,
                1.0812311964807313e-11,
                0.0003353500561401126,
                0.9996646498762592
            ]
        ],
        [
            [
                0.9999999999975866,
                2.413362768808648e-12,
                0.0,
                0.0,
                0.0
            ],
            [
                0.9999999992417439,
                7.582560411417258e-10,
                0.0,
                0.0,
                0.0
            ],
            [
                7.582560625887451e-10,
                2.3823697297038852e-07,
                0.9999997135719882,
                4.6911641443175504e-08,
                5.211412623955009e-10
            ],
            [
                5.896412497962345e-10,
                2.84105064389184e-08,
                3.7210455717917465e-06,
                0.9984950730287211,
                0.001501176925559429
            ],
            [
                1.1287379448892234e-10,
                1.5581746696852199e-09,
                2.761930687548892e-08,
                0.9706877436622087,
                0.029312227047436027
            ]
        ],
        [
            [
                0.9999999999991123,
                8.878265473205168e-13,
                0.0,
                0.0,
                0.0
            ],
            [
                0.9999999999833751,
                1.573710208923922e-11,
                0.0,
                0.0,
                8.878265468517058e-13
            ],
            [
                1.5229573442761844e-08,
                2.753568847849566e-05,
                0.9999724167383248,
                3.224100723133078e-08,
                1.026160586760089e-10
            ],
            [
                1.2499765654363737e-09,
                1.8551279396172946e-07,
                4.5393484014229775e-05,
                0.999858321746803,
                9.609800641223161e-05
            ],
            [
                5.088697865926224e-11,
                1.6851452971138e-09,
                2.451871939684817e-09,
                0.8175744815764082,
                0.18242551423568762
            ]
        ],
        [
            [
                0.9999999999995248,
                4.752193059960588e-13,
                0.0,
                0.0,
                0.0
            ],
            [
                0.9999999991407833,
                8.592166602312218e-10,
                0.0,
                0.0,
                0.0
            ],
            [
                4.8473685010259666e-11,
                4.139937543494484e-08,
                0.9999999577903833,
                7.582560106855821e-10,
                3.511421964698048e-12
            ],
            [
                6.953687454892819e-11,
                1.2325705934606238e-09,
                1.5015783810974745e-08,
                0.9859363566364049,
                0.014063627045703849
            ],
            [
                8.40723696673631e-12,
                3.1547923971394363e-10,
                1.688638685173704e-10,
                0.11920292361655138,
                0.8807970758906982
            ]
        ],
        [
            [
                0.9999999999942106,
                5.789356323722824e-12,
                0.0,
                0.0,
                0.0
            ],
            [
                0.006692851582767255,
                0.993307048916542,
                9.864722495390417e-08,
                8.534657229348549e-10,
                0.0
            ],
            [
                4.075588952945483e-09,
                9.972646870762062e-07,
                0.49994863625975705,
                0.4999486386363877,
                0.00010172376357922376
            ],
            [
                2.589611288478791e-11,
                5.893928125878986e-10,
                2.6414753263109965e-09,
                0.8807970735093119,
                0.11920292323392383
            ],
            [
                5.934690319756688e-12,
                3.671662886627116e-10,
                9.283417601860886e-11,
                0.09534947013980032,
                0.9046505293942645
            ]
        ],
        [
            [
                0.9999999999927482,
                6.5602001617150605e-12,
                0.0,
                0.0,
                6.914400100153843e-13
            ],
            [
                0.9999999999740539,
                2.594609495979815e-11,
                0.0,
                0.0,
                0.0
            ],
            [
                9.35762296793958e-14,
                1.0060392791864938e-12,
                0.9999999999943188,
                4.508755241860894e-12,
                7.287724095118308e-14
            ],
            [
                5.66063245039077e-08,
                8.401123444810532e-06,
                0.06007599883340607,
                0.9397468023616775,
                0.00016874107514699952
            ],
            [
                1.005325719674793e-12,
                3.772456931602325e-11,
                9.53826485777146e-12,
                0.0007096703447061822,
                0.9992903296070257
            ]
        ],
        [
            [
                0.9999999999960691,
                3.5114221117477867e-12,
                0.0,
                0.0,
                4.19379565643431e-13
            ],
            [
                0.9999999994788586,
                5.211412479421433e-10,
                0.0,
                0.0,
                0.0
            ],
            [
                8.59213383680347e-10,
                2.902312103057744e-06,
                0.9999968262810777,
                2.699570777958426e-07,
                5.905281467972166e-10
            ],
            [
                2.1610995145911956e-10,
                7.156578715339802e-09,
                8.271872416074475e-07,
                0.9947790447512946,
                0.005220120688775081
            ],
            [
                1.3832514738068858e-10,
                2.4518719039863942e-09,
                1.5988213192114675e-08,
                0.8175744698723215,
                0.18242551154926828
            ]
        ],
        [
            [
                0.9999999999987081,
                1.2917800035259288e-12,
                0.0,
                0.0,
                0.0
            ],
            [
                0.999999999990455,
                9.545034914544734e-12,
                0.0,
                0.0,
                0.0
            ],
            [
                1.0261879279585562e-10,
                3.224186626625072e-08,
                0.999999965818721,
                1.8189616251389332e-09,
                1.7832472296259958e-11
            ],
            [
                5.890679052468737e-10,
                1.7215087629352253e-08,
                4.212393056124079e-06,
                0.9975231576284772,
                0.002472612174311211
            ],
            [
                5.0529580406889985e-12,
                1.1500479491807396e-10,
                6.975393413177552e-11,
                0.010986942373255428,
                0.9890130574369328
            ]
        ],
        [
            [
                0.9999999999969764,
                2.413362769750843e-12,
                0.0,
                0.0,
                6.101936672340265e-13
            ],
            [
                0.9999999999915765,
                8.423463748757527e-12,
                0.0,
                0.0,
                0.0
            ],
            [
                1.0719805225685321e-07,
                0.047425843330795386,
                0.9525735033418279,
                5.443966293298285e-07,
                1.7326951375155695e-09
            ],
            [
                2.5581186926105456e-11,
                3.5313739268907245e-10,
                1.3966854818174134e-09,
                0.9859363709764573,
                0.014063627248138737
            ],
            [
                6.4422045180288146e-12,
                2.7392950657227815e-10,
                4.7601810584499405e-11,
                0.017986211584953837,
                0.9820137880870726
            ]
        ],
        [
            [
                0.9999999999983413,
                1.6586783578009473e-12,
                0.0,
                0.0,
                0.0
            ],
            [
                0.9999999999934397,
                6.5602001624741085e-12,
                0.0,
                0.0,
                0.0
            ],
            [
                7.287724095338031e-14,
                1.463778514029165e-12,
                0.9999999999888358,
                9.545034922209777e-12,
                8.258073285010127e-14
            ],
            [
                2.274409042813847e-11,
                7.531808339171732e-10,
                1.1781730527192209e-08,
                0.9933071361104617,
                0.006692851331882813
            ],
            [
                6.315324709078844e-12,
                3.448050459743097e-10,
                7.693640512823444e-11,
                0.03732688393894942,
                0.9626731156329938
            ]
        ],
        [
            [
                0.9999999999998019,
                1.9810087971371645e-13,
                0.0,
                0.0,
                0.0
            ],
            [
                0.9999999999954912,
                4.50875523839807e-12,
                0.0,
                0.0,
                0.0
            ],
            [
                7.287724095203392e-14,
                1.0060392791982395e-12,
                0.9999999999953528,
                3.511422113079562e-12,
                5.675685232152748e-14
            ],
            [
                6.687797113129425e-10,
                1.124714539042231e-07,
                1.2999932529252194e-05,
                0.9994341154665837,
                0.0005527714606535257
            ],
            [
                1.8875663678427935e-11,
                7.083040539867442e-10,
                3.791278397627367e-10,
                0.49999999968086345,
                0.49999999921282895
            ]
