{
    "[['A', 'B', 'C', 'D', 'E'], ['A', 'B', 'C', 'D', 'E']]": [
        [
            [
                0.9999999998506905,
                1.4930946746909088e-10,
                0.0,
                0.0,
                0.0
            ],
            [
                0.9999999586006245,
                4.139937544949572e-08,
                0.0,
                0.0,
                0.0
            ],
            [
                3.7010116782470355e-13,
                2.129785170756885e-12,
                0.9999999999865299,
                1.0815941556275596e-11,
                1.542811203047805e-13
            ],
            [
                2.1521519809382314e-11,
                7.12694855325645e-10,
                6.289510023128581e-10,
                0.9399133443275242,
                0.06008665430930851
            ],
            [
                1.573710198696212e-11,
                1.1628232941625612e-10,
                1.3887943759151954e-11,
                7.194132975513376e-09,
                0.9999999926599598
            ]
        ],
        [
            [
                0.9999999999808757,
                1.7832472894283776e-11,
                0.0,
                0.0,
                1.2917800037817916e-12
            ],
            [
                0.99999999964135,
                3.5817479259210895e-10,
                0.0,
                0.0,
                4.752193056983615e-13
            ],
            [
                3.701011678289262e-13,
                3.511422113088644e-12,
                0.9999999999802611,
                1.5737102105572767e-11,
                1.2015425730786758e-13
            ],
            [
                6.525955088632091e-12,
                1.485300532023333e-10,
                3.755427861653544e-11,
                0.00522012570560552,
                0.994779874101784
            ],
            [
                1.0261879560992498e-10,
                1.4930946659090083e-10,
                1.0815941482758542e-11,
                6.348800072297329e-09,
                0.9999999933884556
            ]
        ],
        [
            [
                0.9999999999853284,
                1.3887943855467026e-11,
                0.0,
                0.0,
                7.835041779706552e-13
            ],
            [
                0.9999996072136303,
                3.9278636969566723e-07,
                0.0,
                0.0,
                0.0
            ],
            [
                1.0424425660344607e-08,
                0.00406999437592601,
                0.9958947807802319,
                3.521236672530652e-05,
                2.0526911198200434e-09
            ],
            [
                1.0789196939855758e-11,
                2.167068135070162e-10,
                4.8353826003076445e-11,
                0.0024726229750689404,
                0.9975273767490813
            ],
            [
                1.0815941366236319e-11,
                7.05287972653232e-11,
                8.423463605679245e-12,
                1.7257827683123392e-08,
                0.9999999826524041
            ]
        ],
        [
            [
                0.9999999994089945,
                5.905303991502388e-10,
                0.0,
                0.0,
                4.752193056782611e-13
            ],
            [
                0.9999999956363834,
                4.363462231896446e-09,
                1.542811195750104e-13,
                0.0,
                0.0
            ],
            [
                7.68249267561059e-08,
                0.006692708357466954,
                0.9932859090604905,
                2.1301422949987928e-05,
                4.334165785239948e-09
            ],
            [
                5.232285803793827e-11,
                5.625237366990755e-10,
                3.41187893124106e-10,
                0.0474258754829474,
                0.9525741235610181
            ],
            [
                1.6586626669782488e-12,
                2.2897131835961136e-11,
                3.978924892839698e-12,
                1.0129988102108924e-05,
                0.9999898699833631
            ]
        ],
        [
            [
                0.9999999999705993,
                2.9400777323282494e-11,
                0.0,
                0.0,
                0.0
            ],
            [
                0.9999999990263799,
                9.736200292788684e-10,
                0.0,
                0.0,
                0.0
            ],
            [
                3.701011678249663e-13,
                5.789356328194095e-12,
                0.9999999999778488,
                1.5737102105404387e-11,
                2.5436656471411763e-13
            ],
            [
                2.015687356998582e-11,
                2.455609905330157e-10,
                6.208754159178085e-11,
                0.0024726229754565977,
                0.997527376696738
            ],
            [
                1.7832472065869207e-11,
                1.1628232480987255e-10,
                1.7832472065869207e-11,
                4.691163800257723e-08,
                0.9999999529364147
            ]
        ],
        [
            [
                0.9999999999562161,
                4.277787865538041e-11,
                0.0,
                0.0,
                1.0060392784764331e-12
            ],
            [
                0.9980732656543553,
                0.0019267343317835907,
                1.3861189681261982e-11,
                0.0,
                0.0
            ],
            [
                4.468244816373518e-08,
                9.154443962351128e-05,
                0.04742121662993977,
                0.9524805627910243,
                6.631456964163859e-06
            ],
            [
                9.188743230699187e-12,
                2.0913483197206738e-10,
                1.4373612783615336e-10,
                0.03732688396450121,
                0.9626731156734392
            ],
            [
                1.4637784768209325e-12,
                1.388794351102426e-11,
                1.879528768638545e-12,
                2.510999091750172e-08,
                0.9999999748727779
            ]
        ],
        [
            [
                0.999999999868235,
                1.3176514261490133e-10,
                0.0,
                0.0,
                0.0
            ],
            [
                0.9999999827421723,
                1.7257827679936322e-08,
                0.0,
                0.0,
                0.0
            ],
            [
                1.4930947490884006e-10,
                2.3823697838064794e-07,
                0.9999996170779292,
                1.4449803166515878e-07,
                3.7751347285770055e-11
            ],
            [
                2.2645786809107218e-11,
                4.0140617575562694e-10,
                1.303175053719437e-10,
                0.010986942391406473,
                0.989013057054224
            ],
            [
                5.78935705283764e-12,
                4.847369312557613e-11,
                9.545036116691221e-12,
                6.825604230051038e-08,
                0.9999999316801496
            ]
        ],
        [
            [
                0.9999999999368707,
                6.224144616454905e-11,
                0.0,
                0.0,
                8.878265469255122e-13
            ],
            [
                0.9999999847700205,
                1.52299794850576e-08,
                0.0,
                0.0,
                0.0
            ],
            [
                4.363429031646136e-09,
                7.88925723789957e-06,
                0.9999918362920314,
                2.699555375576151e-07,
                1.317641395046943e-10
            ],
            [
                2.16989719821891e-10,
                2.058741140875551e-09,
                5.309563382469031e-08,
                0.9988304343510108,
                0.0011695102776245062
            ],
            [
                6.560199978234741e-12,
                7.052879646929953e-11,
                1.3887943462905415e-11,
                2.8453347266104183e-08,
                0.9999999714556757
            ]
        ],
        [
            [
                0.999999999987744,
                1.225606743831264e-11,
                0.0,
                0.0,
                0.0
            ],
            [
                0.9999996072129388,
                3.927863697775874e-07,
                6.914400375031854e-13,
                0.0,
                0.0
            ],
            [
                4.133720172082915e-08,
                0.0015011820087232307,
                0.9984984302263091,
                3.4611215245454037e-07,
                3.156134298825507e-10
            ],
            [
                2.8303321709848086e-11,
                5.016883813532302e-10,
                2.6853443967450994e-10,
                0.037326883934775665,
                0.9626731152666982
            ],
            [
                3.0988191266530035e-12,
                2.9400777278338934e-11,
                3.978962520340566e-12,
                3.398267806260001e-09,
                0.9999999965652535
            ]
        ],
        [
            [
                0.999999999979793,
                2.0206839077877098e-11,
                0.0,
                0.0,
                0.0
            ],
            [
                0.9999999123572543,
                8.764249142325517e-08,
                2.5436659152268146e-13,
                0.0,
                0.0
            ],
            [
                1.1194580252160065e-07,
                0.0052200385616158924,
                0.9947632336655601,
                1.661423020050394e-05,
                1.5968211122987505e-09
            ],
            [
                9.463153759614104e-12,
                2.440579521491112e-10,
                6.170751397431543e-11,
                0.008577485696863512,
                0.9914225139879078
            ],
            [
                2.413363078161274e-12,
                2.2897351362815248e-11,
                5.789357063573468e-12,
                1.8553915981207455e-07,
                0.9999998144297402
            ]
        ],
        [
            [
                0.9999999999503864,
                4.847368699969808e-11,
                0.0,
                0.0,
                1.1399918515626322e-12
            ],
            [
                0.9999999936511998,
                6.348800071987258e-09,
                0.0,
                0.0,
                0.0
            ],
            [
                5.384940217013594e-13,
                1.2256067442414246e-11,
                0.9999999999247393,
                6.224144622051949e-11,
                2.2447770547123122e-13
            ],
            [
                7.426906351703995e-12,
                1.3164506499433063e-10,
                3.328508502285614e-11,
                0.0009110514075825204,
                0.9990889484200604
            ],
            [
                2.129785218541674e-12,
                2.2897348968052047e-11,
                4.508755343034152e-12,
                6.47594614458825e-07,
                0.9999993523758497
            ]
        ],
        [
            [
                0.9999999998499991,
                1.493094674325933e-10,
                0.0,
                0.0,
                6.914400098274683e-13
            ],
            [
                0.9999997617630156,
                2.3823698442103963e-07,
                0.0,
                0.0,
                0.0
            ],
            [
                3.7010116782845216e-13,
                2.73469829136418e-12,
                0.9999999999872675,
                9.545034922045897e-12,
                8.258073284868343e-14
            ],
            [
                4.2410912590040244e-11,
                9.652679213700478e-10,
                3.817708687192607e-09,
                0.9914225095549424,
                0.008577485619670177
            ],
            [
                7.433680580140438e-12,
                6.22414454569983e-11,
                1.3887943692689792e-11,
                1.1861120004211515e-08,
                0.9999999880553169
            ]
        ],
        [
            [
                0.9999999991400919,
                8.592166589041207e-10,
                0.0,
                0.0,
                6.914400082691262e-13
            ],
            [
                0.9999999530878869,
                4.691163797194589e-08,
                0.0,
                0.0,
                4.752192835208904e-13
            ],
            [
                9.357622968032193e-14,
                1.1399918529459231e-12,
                0.9999999999935749,
                5.1090890276221826e-12,
                8.25807328484288e-14
            ],
            [
                1.3853603098291693e-11,
                2.1670681353622568e-10,
                6.208754159041544e-11,
                0.002472622971467445,
                0.9975273767358847
            ],
            [
                5.492788323657972e-11,
                2.1724399242829584e-10,
                1.7832472819526943e-11,
                4.363462231259238e-09,
                0.9999999953465335
            ]
        ],
        [
            [
                0.9999999999945643,
                5.109089024161556e-12,
                0.0,
                0.0,
                3.2661313402931297e-13
            ],
            [
                0.9999999970005007,
                2.9989608135879458e-09,
                0.0,
                0.0,
                5.384940197518747e-13
            ],
            [
                2.460866204586011e-10,
                8.149269657473752e-09,
                1.7597522492596444e-06,
                0.9996628824328414,
                0.00033534941955309136
            ],
            [
                8.500925196261961e-11,
                1.0356246986385331e-09,
                8.065453262677774e-10,
                0.26894140935877775,
                0.7310585887140431
            ],
            [
                2.129785154820998e-12,
                1.783247277305147e-11,
                3.511422086774745e-12,
                7.194132975824203e-09,
                0.9999999927823933
            ]
        ],
        [
            [
                0.9999999999964886,
                3.5114221110144838e-12,
                0.0,
                0.0,
                0.0
            ],
            [
                0.9999996072126245,
                3.927863694016838e-07,
                1.0060393173276242e-12,
                0.0,
                0.0
            ],
            [
                3.266131342465312e-13,
                1.879528816353707e-12,
                0.9999999999919316,
                5.7893563281596524e-12,
                7.28772409510091e-14
            ],
            [
                1.0531374138992754e-10,
                1.1322294223581462e-09,
                9.991889582462097e-10,
                0.37754067527741314,
                0.6224593224858548
            ],
            [
                1.3887943465522187e-11,
                9.056076729204072e-11,
                1.2256067091593301e-11,
                2.8453347271465376e-08,
                0.999999971429948
            ]
        ],
        [
            [
                0.9999999998672289,
                1.3176514249680039e-10,
                0.0,
                0.0,
                1.0060392777245799e-12
            ],
            [
                0.9999991684715352,
                8.315279895687254e-07,
                4.75219342551654e-13,
                0.0,
                0.0
            ],
            [
                3.7010116782332313e-13,
                5.789356328168392e-12,
                0.9999999999828,
                1.0815941556235253e-11,
                2.2447770548029623e-13
            ],
            [
                6.5601634730402405e-12,
                4.2777639407491995e-11,
                9.54498153176547e-12,
                6.144172125540764e-06,
                0.9999938557689917
            ],
            [
                2.734698633222129e-12,
                2.0206841614547286e-11,
                3.5114225520384415e-12,
                6.825604229018555e-08,
                0.9999999317175047
            ]
        ],
        [
            [
                0.9999999994094697,
                5.90530398970507e-10,
                0.0,
                0.0,
                0.0
            ],
            [
                0.9999999226554455,
                7.73442279545144e-08,
                0.0,
                0.0,
                3.266131717907497e-13
            ],
            [
                1.1247296068641735e-07,
                0.0005527786109766004,
                0.9994470210759994,
                8.759402985694116e-08,
                2.460336025372708e-10
            ],
            [
                6.96964809066815e-11,
                1.235399683844283e-09,
                6.612617995663999e-10,
                0.3208212875424851,
                0.679178710491157
            ],
            [
                3.3315445377893006e-11,
                5.4927883437380464e-11,
                7.433680662585531e-12,
                7.582560417949646e-10,
                0.9999999991460669
            ]
        ],
        [
            [
                0.9999999999666846,
                3.3315445367054994e-11,
                0.0,
                0.0,
                0.0
            ],
            [
                0.9999999827421723,
                1.725782767108779e-08,
                0.0,
                0.0,
                0.0
            ],
            [
                3.282408700945544e-06,
                0.1192022955942847,
                0.880792428122333,
                1.9908815148309884e-06,
                2.9931664434641457e-09
            ],
            [
                8.229919827650316e-12,
                1.8731211190545672e-10,
                6.081133929620985e-11,
                0.022977367827181457,
                0.9770226319164651
            ],
            [
                1.0261879530595544e-10,
                2.461696927561233e-10,
                2.0206838891131972e-11,
                9.237449570957563e-09,
                0.9999999903935551
            ]
        ],
        [
            [
                0.9999999999559304,
                4.277787863432589e-11,
                0.0,
                0.0,
                1.2917800031141454e-12
            ],
            [
                0.9984988179681776,
                0.001501182029945577,
                1.8767061155945967e-12,
                0.0,
                0.0
            ],
            [
                5.384940217276706e-13,
                6.560200167572272e-12,
                0.9999999999818872,
                1.0815941556326952e-11,
                1.98100879787338e-13
            ],
            [
                8.37949219960486e-12,
                1.6830659997272647e-10,
                3.314153454855173e-11,
                0.005220125706810888,
                0.9947798740833615
            ],
            [
                1.3176513933586164e-10,
                1.4930946380656645e-10,
                1.5737101704959852e-11,
                2.51099909161666e-08,
                0.9999999745931973
            ]
        ],
        [
            [
                0.9999999999771028,
                2.289734844060181e-11,
                0.0,
                0.0,
                0.0
            ],
            [
                0.9999999988958563,
                1.1032560282055525e-09,
                0.0,
                0.0,
                8.878265445159794e-13
            ],
            [
                1.2015425730774076e-13,
                5.384940217306893e-13,
                0.9999999999968838,
                2.4133627716328185e-12,
                4.420228103274135e-14
            ],
            [
                1.4236581980797098e-11,
                6.053548698060897e-10,
                1.9652995210993958e-10,
                0.09534947008273767,
                0.904650529101141
            ],
            [
                3.511422552720462e-12,
                3.775135016618358e-11,
                5.109089667305001e-12,
                6.825604230344286e-08,
                0.9999999316975858
            ]
        ],
        [
            [
                0.9999999999740539,
                2.594609496472194e-11,
                0.0,
                0.0,
                0.0
            ],
            [
                0.9999999981810384,
                1.8189616819704442e-09,
                0.0,
                0.0,
                0.0
            ],
            [
                6.914400106265966e-13,
                4.508755241855167e-12,
                0.9999999999824076,
                1.2256067442904368e-11,
                1.3615261079568886e-13
            ],
            [
                5.3317806694123044e-11,
                9.450807368794378e-10,
                3.9396826473481537e-10,
                0.02931222790202615,
                0.9706877707056071
            ],
            [
                5.109088993744124e-12,
                4.277787840233883e-11,
                4.508755212008236e-12,
                6.348800073396988e-09,
                0.9999999935988042
            ]
        ],
        [
            [
                0.9999999999878921,
                1.0815941541832777e-11,
                0.0,
                0.0,
                1.2917800029404085e-12
            ],
            [
                0.9999999943972036,
                5.6027964018961596e-09,
                0.0,
                0.0,
                0.0
            ],
            [
                2.543665647141752e-13,
                3.511422113051868e-12,
                0.9999999999780751,
                1.783247290649771e-11,
                3.266131342485482e-13
            ],
            [
                5.156071769556856e-11,
                9.13935589160905e-10,
                5.543299558286179e-10,
                0.2689414094683318,
                0.731058589011842
            ],
            [
                2.0206838727396188e-11,
                1.917171479334341e-10,
                2.5946094516886882e-11,
                1.7257827678085505e-08,
                0.9999999825043023
            ]
        ],
        [
            [
                0.999999999994891,
                5.109089025373518e-12,
                0.0,
                0.0,
                0.0
            ],
            [
                0.9999994956516848,
                5.043472044164917e-07,
                4.1937958482325883e-13,
                0.0,
                6.914400419954955e-13
            ],
            [
                4.1937956579782474e-13,
                1.1399918529352715e-12,
                0.9999999999948723,
                3.5114221130405096e-12,
                5.675685232089626e-14
            ],
            [
                2.413362825869129e-12,
                2.940077805113694e-11,
                4.508755343247206e-12,
                6.47594614489426e-07,
                0.9999993523690626
            ],
            [
                1.5737103377712847e-11,
                7.991960538344788e-11,
                9.545035693650084e-12,
                1.1253518380703904e-07,
                0.9999998873596144
            ]
        ],
        [
            [
                0.9999999999808757,
                1.7832472871049888e-11,
                0.0,
                0.0,
                1.2917800020987347e-12
            ],
            [
                0.9999999918476093,
                8.152020639017945e-09,
                0.0,
                0.0,
                3.701011644337416e-13
            ],
            [
                2.875213494776704e-07,
                0.06008655457685738,
                0.9399118686915539,
                1.2885812894429265e-06,
                6.289497984568062e-10
            ],
            [
                2.7346254707537566e-12,
                4.277673958012581e-11,
                7.433482724791199e-12,
                2.7535689836071563e-05,
                0.9999724642572191
            ],
            [
                1.8795287470505606e-12,
                2.59460940235052e-11,
                2.7346981904866707e-12,
                3.653482078647255e-08,
                0.9999999634346188
            ]
        ],
        [
            [
                0.9999999999923119,
                7.43368066842104e-12,
                0.0,
                0.0,
                2.5436656460317576e-13
            ],
            [
                0.9999999994094697,
                5.905303988074246e-10,
                0.0,
                0.0,
                0.0
            ],
            [
                2.839831707814579e-08,
                5.411766477147462e-06,
                0.7772950569343808,
                0.22269877049787598,
                7.324029489951576e-07
            ],
            [
                1.2384779506201825e-10,
                1.937305467823529e-09,
                3.1940767326443156e-09,
                0.939913340641542,
                0.06008665410322797
            ],
            [
                1.4637785849901355e-12,
                2.940077881619077e-11,
                2.7346984239836793e-12,
                1.4449803160634126e-07,
                0.9999998554683691
            ]
        ],
        [
            [
                0.9999999998965976,
                1.0261879606673213e-10,
                0.0,
                0.0,
                7.835041765954758e-13
            ],
            [
                0.9999999918479795,
                8.152020634928875e-09,
                0.0,
                0.0,
                0.0
            ],
            [
                1.5737101870631973e-11,
                5.6027963534332315e-09,
                0.9999999851382275,
                9.23744952330648e-09,
                5.7893562418261495e-12
            ],
            [
                3.7305837931650706e-11,
                1.3998912406221347e-09,
                7.493077852266253e-10,
                0.3208212874323432,
                0.679178710381152
            ],
            [
                8.878265677406841e-13,
                1.5737102459505218e-11,
                1.6586783960824581e-12,
                6.475946145011082e-07,
                0.9999993523871019
            ]
        ],
        [
            [
                0.9999999999192968,
                7.99195987364299e-11,
                0.0,
                0.0,
                7.835041766132607e-13
            ],
            [
                0.9999921107339503,
                7.889265043584338e-06,
                1.0060316557328666e-12,
                0.0,
                0.0
            ],
            [
                1.0603575990245406e-13,
                6.101936676869632e-13,
                0.9999999999957154,
                3.5114221129531504e-12,
                5.675685231948423e-14
            ],
            [
                1.6571668038440081e-12,
                5.487782768023594e-11,
                7.426906352514755e-12,
                0.0009110514069118342,
                0.9990889485291262
            ],
            [
                2.0206838734645456e-11,
                1.1628232825600698e-10,
                1.0815941366959194e-11,
                1.7257827684276806e-08,
                0.9999999825948672
            ]
        ],
        [
            [
                0.9999999997538302,
                2.461696947722128e-10,
                0.0,
                0.0,
                0.0
            ],
            [
                0.9999417087187444,
                5.82912767470778e-05,
                4.508488979046306e-12,
                0.0,
                0.0
            ],
            [
                9.357622968028356e-14,
                8.878265477689426e-13,
                0.9999999999931648,
                5.789356328228397e-12,
                6.431393940894045e-14
            ],
            [
                8.820965446123016e-12,
                3.750769950543172e-10,
                1.0746135827496767e-10,
                0.07585817595546693,
                0.9241418235531738
            ],
            [
                7.433680645095855e-12,
                6.224144600086335e-11,
                7.433680645095855e-12,
                2.998960813861318e-09,
                0.9999999969239304
            ]
        ],
        [
            [
                0.999999999994891,
                5.109089025374665e-12,
                0.0,
                0.0,
                0.0
            ],
            [
                0.9999986290424596,
                1.3709566525594974e-06,
                8.878249717128029e-13,
                0.0,
                0.0
            ],
            [
                1.7249798674234147e-08,
                3.534101684546435e-05,
                0.9995340776545927,
                0.00043054192958333045,
                2.2149179930463154e-08
            ],
            [
                5.1560717584700036e-11,
                1.0356246968335442e-09,
                1.93480165327624e-09,
                0.7310585882804559,
                0.26894140869755706
            ],
            [
                1.1399918302060859e-12,
                1.388794358673694e-11,
                3.0988190766409722e-12,
                1.9555680696077595e-08,
                0.9999999804261925
            ]
        ],
        [
            [
                0.9999999999785012,
                2.020683902918823e-11,
                0.0,
                0.0,
                1.2917800008842268e-12
            ],
            [
                0.9999999397642536,
                6.023574636116588e-08,
                0.0,
                0.0,
                0.0
            ],
            [
                1.0060392790778379e-12,
                1.5737102103648667e-11,
                0.9999999998662832,
                1.1628233027845956e-10,
                6.914400105527968e-13
            ],
            [
                7.407528408310259e-11,
                2.4530365113804697e-09,
                2.1647971232201862e-09,
                0.43782349721543423,
                0.5621764980926569
            ],
            [
                4.508755716882785e-12,
                3.331544892842118e-11,
                3.9789629546596444e-12,
                8.764249141961372e-08,
                0.9999999123157054
            ]
        ],
        [
            [
                0.9999999999771028,
                2.289734844060181e-11,
                0.0,
                0.0,
                0.0
            ],
            [
                0.9999999778405108,
                2.21594892632832e-08,
                0.0,
                0.0,
                0.0
            ],
            [
                4.1319070209295585e-08,
                0.00192670946222752,
                0.9980602655506366,
                1.2982065951449536e-05,
                1.6021142157087402e-09
            ],
            [
                2.015687355449488e-11,
                4.587683275137867e-10,
                2.1670681337444823e-10,
                0.0024726229759248356,
                0.9975273763284431
            ],
            [
                5.4927890470484314e-11,
                1.9171717567189031e-10,
                2.2897351358205988e-11,
                1.8553915977472532e-07,
                0.9999998141912978
            ]
        ],
        [
            [
                0.9999999999873044,
                1.0815941515498978e-11,
                0.0,
                0.0,
                1.879528809277641e-12
            ],
            [
                0.9999999677581337,
                3.2241866297458326e-08,
                0.0,
                0.0,
                0.0
            ],
            [
                1.9810087978779354e-13,
                1.6586783587710175e-12,
                0.9999999999935776,
                4.50875524190553e-12,
                5.675685232142672e-14
            ],
            [
                3.7678621943099666e-11,
                8.575614826936026e-10,
                1.1011307401510106e-09,
                0.8807970747066045,
                0.11920292329702468
            ],
            [
                2.413362671089109e-12,
                2.2897347500622076e-11,
                3.5114219667947043e-12,
                4.139937545966424e-08,
                0.9999999585718025
            ]
        ],
        [
            [
                0.9999999997528242,
                2.461696948491031e-10,
                0.0,
                0.0,
                1.0060392779247295e-12
            ],
            [
                0.9999999995400946,
                4.599055373459689e-10,
                0.0,
                0.0,
                0.0
            ],
            [
                9.357622968196096e-14,
                1.2917800046970837e-12,
                0.9999999999934122,
                5.10908902771167e-12,
                9.357622968196096e-14
            ],
            [
                1.3692622670291973e-11,
                3.116426555310911e-10,
                1.4720956688027705e-10,
                0.014063627307355095,
                0.9859363722201
            ],
            [
                1.6586437003377583e-12,
                4.847267419062826e-11,
                7.433525343388817e-12,
                2.1444939756921088e-05,
                0.9999785550026783
            ]
        ],
        [
            [
                0.9999999999915765,
                8.423463748008659e-12,
                0.0,
                0.0,
                0.0
            ],
            [
                0.9914225143167268,
                0.00857748567254998,
                1.0723158048479343e-11,
                0.0,
                0.0
            ],
            [
                6.014527036685439e-08,
                0.0015011819174204858,
                0.9984986132985316,
                1.4428114072917106e-07,
                3.5763685056509624e-10
            ],
            [
                5.780661801044703e-12,
                1.1610769604534391e-10,
                2.9356622937925115e-11,
                0.0015011820345584923,
                0.9984988178141965
            ],
            [
                2.4133630779477e-12,
                2.289735136078891e-11,
                4.5087558141919764e-12,
                1.8553915979565497e-07,
                0.9999998144310207
            ]
        ],
        [
            [
                0.9999999999657969,
                3.331544539189944e-11,
                0.0,
                0.0,
                8.878265470527641e-13
            ],
            [
                0.9999970976873273,
                2.902312197573105e-06,
                4.752175086111479e-13,
                0.0,
                0.0
            ],
            [
                1.8394714372188128e-07,
                0.00857746487980621,
                0.9914201081946145,
                2.2409349674804726e-06,
                2.043468182825939e-09
            ],
            [
                6.55971275042934e-12,
                1.3175535265425344e-10,
                2.9398592938156415e-11,
                7.484619785999531e-05,
                0.9999251536344264
            ],
            [
                3.978962486580598e-12,
                4.847368646263382e-11,
                5.789356257062661e-12,
                1.1861120004511851e-08,
                0.999999988080638
            ]
        ],
        [
            [
                0.999999999989184,
                1.0815941547872353e-11,
                0.0,
                0.0,
                0.0
            ],
            [
                0.999996273360466,
                3.7266391146388943e-06,
                4.1937798388151313e-13,
                0.0,
                0.0
            ],
            [
                9.926914469798738e-08,
                0.9995686102397242,
                0.0004305567070252608,
                7.335052790662929e-07,
                2.7882659732321997e-10
            ],
            [
                3.29494252705262e-11,
                9.629233545344516e-10,
                2.9660127408536884e-09,
                0.9890130537205405,
                0.01098694231757397
            ],
            [
                1.0261880920472647e-10,
                2.1724402079117885e-10,
                1.7832475147694157e-11,
                3.059023589195406e-07,
                0.9999996937599458
            ]
        ],
        [
            [
                0.9999999999699078,
                2.940077736966667e-11,
                0.0,
                0.0,
                6.914400101489247e-13
            ],
            [
                0.9999998874643969,
                1.1253518374658622e-07,
                4.1937959947967164e-13,
                0.0,
                0.0
            ],
            [
                1.5428112030762324e-13,
                1.65867835878989e-12,
                0.9999999999872775,
                1.0815941556474886e-11,
                9.35762296813869e-14
            ],
            [
                1.5736172756190992e-11,
                1.49300650186042e-10,
                2.5944562742543954e-11,
                5.82912775282479e-05,
                0.9999417085314904
            ],
            [
                9.545034871773189e-12,
                7.052879813378142e-11,
                9.545034871773189e-12,
                4.944450475485056e-09,
                0.9999999949659306
            ]
        ],
        [
            [
                0.999999999986112,
                1.3887943845087758e-11,
                0.0,
                0.0,
                0.0
            ],
            [
                0.9988304896473276,
                0.0011695103452473773,
                7.424980319300401e-12,
                0.0,
                0.0
            ],
            [
                2.9988980240885283e-09,
                1.6701335114904164e-05,
                0.999978509794164,
                4.785012624389577e-06,
                8.591986691959093e-10
            ],
            [
                1.1491007026445815e-10,
                2.6153411444088527e-09,
                2.036829731264479e-09,
                0.6791787090628708,
                0.32082128617004824
            ],
            [
                1.3176514004342407e-10,
                2.172439891263745e-10,
                1.7832472548488733e-11,
                1.9555680693437985e-08,
                0.9999999800774777
            ]
        ],
        [
            [
                0.9999999999811615,
                1.7832472882532983e-11,
                0.0,
                0.0,
                1.0060392778383075e-12
            ],
            [
                0.9999952149040156,
                4.7850948445805315e-06,
                1.1399853942094886e-12,
                0.0,
                0.0
            ],
            [
                2.413362771613392e-12,
                1.573710210542948e-11,
                0.9999999999638425,
                1.7832472906522113e-11,
