{
    "[['A', 'B', 'C', 'D', 'E'], ['A', 'B', 'C', 'D', 'E']]": [
        [
            [
                0.9999999999832567,
                1.5737102094666656e-11,
                0.0,
                0.0,
                1.006039278503637e-12
            ],
            [
                0.9999999530874745,
                4.691163793227019e-08,
                0.0,
                0.0,
                8.878265045808578e-13
            ],
            [
                2.6374877713283474e-09,
                6.453719790895856e-07,
                0.0031718540932316797,
                0.9965671362584234,
                0.00026036163887813016
            ],
            [
                2.789468199844397e-10,
                3.5817480676424066e-10,
                5.4927885616018784e-11,
                3.927863696113721e-07,
                0.9999996065215808
            ],
            [
                1.0815942430670941e-11,
                6.224145125506291e-11,
                8.423464434661763e-12,
                1.1253518380645332e-07,
                0.9999998873833353
            ]
        ],
        [
            [
                0.9999999999510512,
                4.847368703170465e-11,
                0.0,
                0.0,
                4.752193059732224e-13
            ],
            [
                0.9999999748895338,
                2.5109990891345193e-08,
                4.752192936709372e-13,
                0.0,
                0.0
            ],
            [
                2.1724278247500364e-10,
                9.931138950427548e-08,
                0.9999937558392221,
                6.144172242697446e-06,
                4.599029741085664e-10
            ],
            [
                5.109079801841785e-12,
                7.05286711470619e-11,
                2.020680259980812e-11,
                1.7603431332440437e-06,
                0.9999982395610223
            ],
            [
                2.289734770933132e-11,
                1.0261879296864051e-10,
                1.5737101593372444e-11,
                3.2241866320538114e-08,
                0.9999999676168805
            ]
        ],
        [
            [
                0.999999999982971,
                1.5737102094662158e-11,
                0.0,
                0.0,
                1.2917800037844983e-12
            ],
            [
                0.9999999993300579,
                6.69158608173587e-10,
                0.0,
                0.0,
                7.835041773874397e-13
            ],
            [
                2.172170631069729e-10,
                2.699243853229492e-07,
                0.9998763330173613,
                0.0001233945057327461,
                2.3353035097038455e-09
            ],
            [
                4.8473598400785335e-11,
                2.7894629907278643e-10,
                7.052866950879324e-11,
                2.260325272673332e-06,
                0.9999977392767787
            ],
            [
                3.5817481017705753e-10,
                5.905304281678954e-10,
                7.052880188790862e-11,
                1.4449803152921976e-07,
                0.9999998544827344
            ]
        ],
        [
            [
                0.9999999999698157,
                2.940077737663532e-11,
                0.0,
                0.0,
                7.835041780744729e-13
            ],
            [
                0.9999999998676248,
                1.317651425702974e-10,
                0.0,
                0.0,
                6.101936671554693e-13
            ],
            [
                3.5114223703255367e-12,
                1.250152957866932e-09,
                0.9999997604294318,
                2.3823698418322012e-07,
                7.991960477767217e-11
            ],
            [
                9.056078126180167e-11,
                1.49309486357554e-10,
                2.289735132999599e-11,
                3.059023588915414e-07,
                0.9999996938348735
            ],
            [
                1.317651593913983e-10,
                2.1724402102579113e-10,
                4.277788410828369e-11,
                1.8553915976349244e-07,
                0.9999998140690531
            ]
        ],
        [
            [
                0.9999999999609568,
                3.775134538783816e-11,
                0.0,
                0.0,
                1.2917800029056138e-12
            ],
            [
                0.9999999865587026,
                1.3440409742775724e-08,
                0.0,
                0.0,
                8.878265340824782e-13
            ],
            [
                1.1605832184597283e-10,
                6.336569668741366e-09,
                9.912062673663337e-08,
                0.9980731600687102,
                0.0019267343580350836
            ],
            [
                2.0206762867388103e-11,
                1.9171642819371685e-10,
                2.594599711070839e-11,
                3.7266391146565723e-06,
                0.9999962731230161
            ],
            [
                3.3315449640253864e-11,
                2.1724402101656236e-10,
                4.2777884106466436e-11,
                1.855391597556105e-07,
                0.9999998141675028
            ]
        ],
        [
            [
                0.9999999999759628,
                2.2897348438543086e-11,
                0.0,
                0.0,
                1.1399918521525474e-12
            ],
            [
                0.9999999936497361,
                6.348800060898911e-09,
                0.0,
                0.0,
                1.4637785014117382e-12
            ],
            [
                1.9093692251527328e-10,
                4.924328134411652e-09,
                3.211065305365101e-08,
                0.9959298251517927,
                0.004070137622289094
            ],
            [
                7.042287738954467e-11,
                5.89643533201613e-10,
                1.9142922791579865e-10,
                0.0015011820369646178,
                0.9984988171115398
            ],
            [
                6.560200654527564e-12,
                6.224145084366382e-11,
                1.2256068352765341e-11,
                2.3823698441309028e-07,
                0.9999997616819579
            ]
        ],
        [
            [
                0.9999999999612426,
                3.7751345404572364e-11,
                0.0,
                0.0,
                1.0060392782648253e-12
            ],
            [
                0.9999999468408487,
                5.315784960885139e-08,
                6.914399725124921e-13,
                0.0,
                6.10193634065452e-13
            ],
            [
                1.1027511379037906e-09,
                2.3812771281293697e-07,
                2.7523821311578938e-05,
                0.9995416917381014,
                0.0004305452101231081
            ],
            [
                1.317651490783396e-10,
                1.917171606548715e-10,
                3.331544703411955e-11,
                1.4449803160457626e-07,
                0.9999998551451706
            ],
            [
                2.9400776164027555e-11,
                1.0261879202802556e-10,
                1.78324721628311e-11,
                4.1399375457548255e-08,
                0.9999999584507726
            ]
        ],
        [
            [
                0.9999999999441844,
                5.492788345928605e-11,
                0.0,
                0.0,
                8.878265470335759e-13
            ],
            [
                0.9999999585996666,
                4.139937541525693e-08,
                4.193795478814038e-13,
                0.0,
                5.384939987187362e-13
            ],
            [
                2.2897348619747368e-11,
                1.522997985332483e-08,
                0.9999993369833284,
                6.475946046078929e-07,
                1.691897934680856e-10
            ],
            [
                1.225604531410947e-11,
                1.0261861102488111e-10,
                1.388791878840007e-11,
                1.760343133612441e-06,
                0.9999982395281037
            ],
            [
                2.94007804953639e-11,
                1.4930948337560888e-10,
                2.020684122255034e-11,
                8.764249144291569e-08,
                0.9999999121585915
            ]
        ],
        [
            [
                0.9999999999559304,
                4.2777878651049306e-11,
                0.0,
                0.0,
                1.2917800036191488e-12
            ],
            [
                0.9999999988961339,
                1.1032560300515547e-09,
                0.0,
                0.0,
                6.101936664928635e-13
            ],
            [
                7.064613646505794e-09,
                1.525531768750283e-06,
                0.017985885191872445,
                0.9819961811995834,
                1.640101216161268e-05
            ],
            [
                6.224133577716899e-11,
                1.691894920220963e-10,
                2.94007252190573e-11,
                1.3709566535188922e-06,
                0.9999986287825149
            ],
            [
                3.3315443845457944e-11,
                1.0261879146196208e-10,
                1.783247206446402e-11,
                4.691163799888062e-08,
                0.9999999529345953
            ]
        ],
        [
            [
                0.999999999965901,
                3.331544539190291e-11,
                0.0,
                0.0,
                7.835041778065224e-13
            ],
            [
                0.9999999827409135,
                1.725782765871454e-08,
                4.752192972108585e-13,
                0.0,
                7.835041635587085e-13
            ],
            [
                2.9864845927196956e-08,
                0.00016632202761769293,
                0.8174343727034251,
                0.18239425291407177,
                5.022490039548921e-06
            ],
            [
                6.5591619388261474e-12,
                7.990695070702563e-11,
                1.5734611524179378e-11,
                0.0001584362486146263,
                0.9998415636491846
            ],
            [
                5.211413145454155e-10,
                3.5817483822209787e-10,
                7.052880741030449e-11,
                1.8553915967255536e-07,
                0.9999998135109953
            ]
        ],
        [
            [
                0.999999999896906,
                1.0261879621826774e-10,
                0.0,
                0.0,
                4.752193058198067e-13
            ],
            [
                0.9999999981801506,
                1.8189616826799274e-09,
                0.0,
                0.0,
                8.878265454674199e-13
            ],
            [
                2.006871112613608e-08,
                2.047064187061509e-06,
                0.3775304652356816,
                0.6224425292843242,
                2.49383470960492e-05
            ],
            [
                1.3176514772602645e-10,
                1.6918979871383292e-10,
                3.775134688249815e-11,
                3.927863695276318e-07,
                0.9999996068749242
            ],
            [
                3.775134341955508e-11,
                1.317651356391675e-10,
                2.0206838007262033e-11,
                5.315784969531594e-08,
                0.999999946652427
            ]
        ],
        [
            [
                0.9999999999611087,
                3.775134540888619e-11,
                0.0,
                0.0,
                1.1399918520205194e-12
            ],
            [
                0.9999993524037156,
                6.475946130607956e-07,
                7.835041943208774e-13,
                0.0,
                8.878265657660724e-13
            ],
            [
                6.508029141472785e-09,
                1.940016144917362e-05,
                0.09534728650694746,
                0.9046299355810157,
                3.3712425585982022e-06
            ],
            [
                5.905281715131857e-10,
                4.5990380240019396e-10,
                1.026184090824271e-10,
                3.7266391094598164e-06,
                0.9999962722078402
            ],
            [
                9.545035692576667e-12,
                5.4927887939071905e-11,
                1.2256068432460122e-11,
                1.1253518379438355e-07,
                0.9999998873880872
            ]
        ],
        [
            [
                0.9999999999502345,
                4.8473687018640836e-11,
                0.0,
                0.0,
                1.291780003611791e-12
            ],
            [
                0.999999997664407,
                2.335593030424494e-09,
                0.0,
                0.0,
                0.0
            ],
            [
                4.752193058934884e-13,
                2.020683907390994e-11,
                0.9999999993090194,
                6.691586085890913e-10,
                1.1399918521240822e-12
            ],
            [
                2.5946096903958754e-11,
                1.1628233891240425e-10,
                3.331544788852616e-11,
                2.382369843905802e-07,
                0.9999997615874717
            ],
            [
                2.461697149173245e-10,
                4.058652451863796e-10,
                6.224145121906599e-11,
                1.1253518374136938e-07,
                0.9999998867505399
            ]
        ],
        [
            [
                0.9999999999796387,
                2.0206839076289157e-11,
                0.0,
                0.0,
                1.542811202128089e-13
            ],
            [
                0.9999999778386311,
                2.2159489230525804e-08,
                0.0,
                0.0,
                1.8795287704963375e-12
            ],
            [
                1.6733098484712746e-10,
                9.135962215877252e-09,
                1.7068224477066204e-08,
                0.989013031552949,
                0.010986942075533395
            ],
            [
                2.2897350863433782e-11,
                1.3176515655215815e-10,
                2.594609771022835e-11,
                8.764249140744848e-08,
                0.9999999121769
            ],
            [
                2.594609624556853e-11,
                1.4930947488665088e-10,
                2.2897349570876025e-11,
                1.4449803164368467e-07,
                0.9999998553038155
            ]
        ],
        [
            [
                0.9999999999695932,
                2.9400777372276964e-11,
                0.0,
                0.0,
                1.0060392785795268e-12
            ],
            [
                0.99999998813888,
                1.186111999161786e-08,
                0.0,
                0.0,
                0.0
            ],
            [
                1.1032056478392388e-09,
                4.4506492348215535e-07,
                0.9999541407461896,
                4.539785639701939e-05,
                1.5229284208084984e-08
            ],
            [
                4.241091274252563e-11,
                6.634182959037538e-10,
                2.7655389072211317e-10,
                0.00857748568456962,
                0.9914225133330473
            ],
            [
                1.2256045036701341e-11,
                7.991945281494908e-11,
                1.0815921782826235e-11,
                1.067703076224287e-06,
                0.9999989321939323
            ]
        ],
        [
            [
                0.9999999996832205,
                3.1608814511972597e-10,
                0.0,
                0.0,
                6.914400100123033e-13
            ],
            [
                1.007999122785137e-05,
                0.11884220877794975,
                0.19593770420824108,
                0.6838897893366701,
                0.0013202176859113133
            ],
            [
                1.162639331533982e-10,
                6.022620841984309e-08,
                0.9998414952520125,
                0.00015843625478415878,
                8.150730974766733e-09
            ],
            [
                2.0206838574170592e-11,
                7.991959688851574e-11,
                1.2256067131098378e-11,
                2.510999091616927e-08,
                0.9999999747776267
            ],
            [
                5.492788793952676e-11,
                1.6918980590681184e-10,
                3.331544810858277e-11,
                1.1253518379531544e-07,
                0.9999998872073831
            ]
        ],
        [
            [
                0.9999999999613609,
                3.7751345408895714e-11,
                0.0,
                0.0,
                8.878265470488257e-13
            ],
            [
                0.999999495652012,
                5.043472045117863e-07,
                7.835042141236975e-13,
                0.0,
                0.0
            ],
            [
                2.692919759140765e-10,
                1.29752140276818e-08,
                5.8150874893158664e-08,
                0.8519527373135688,
                0.14804719129105037
            ],
            [
                3.1607672853072594e-10,
                4.598889263728141e-10,
                1.0261508979205545e-10,
                3.535625747854435e-05,
                0.9999646428639407
            ],
            [
                1.5737101449622745e-11,
                6.224144362964259e-11,
                7.433680361893922e-12,
                4.139937545885907e-08,
                0.9999999585152124
            ]
        ],
        [
            [
                0.9999999999656786,
                3.3315445398227373e-11,
                0.0,
                0.0,
                1.0060392785755884e-12
            ],
            [
                0.9999999981803469,
                1.818961680494007e-09,
                0.0,
                0.0,
                6.914400080106753e-13
            ],
            [
                7.050512920924656e-11,
                2.6456854549088756e-09,
                1.7252036300749066e-08,
                0.9996646299843537,
                0.00033535004741942927
            ],
            [
                2.0206840637563182e-11,
                1.0261880417506496e-10,
                1.7832474273670038e-11,
                8.315279897707091e-07,
                0.999999168331352
            ],
            [
                1.0815921773069995e-11,
                7.991945274285967e-11,
                1.5737073320998916e-11,
                2.260325272450159e-06,
                0.9999977395682551
            ]
        ],
        [
            [
                0.9999999999694593,
                2.940077737227303e-11,
                0.0,
                0.0,
                1.139991852246704e-12
            ],
            [
                0.9999999973521345,
                2.64657362708733e-09,
                0.0,
                0.0,
                1.2917799990158382e-12
            ],
            [
                2.2059283442426843e-07,
                0.027960920890135008,
                0.9259384142793884,
                0.046099764763876935,
                6.794737653442171e-07
            ],
            [
                2.2897307827972166e-11,
                1.1628212397374633e-10,
                2.5946048944661593e-11,
                1.3709566537885136e-06,
                0.9999986288782208
            ],
            [
                1.6918980584662476e-10,
                2.1724401095153043e-10,
                3.775134847403913e-11,
                1.1253518375528251e-07,
                0.999999887040631
            ]
        ],
        [
            [
                0.9999999999611087,
                3.775134540456731e-11,
                0.0,
                0.0,
                1.1399918518901006e-12
            ],
            [
                0.9999999961486479,
                3.850741904628432e-09,
                0.0,
                0.0,
                6.101936648861732e-13
            ],
            [
                1.1023368680404936e-09,
                1.8538455659389362e-07,
                0.0007095827157149749,
                0.9991669238106775,
                0.00012330698671406733
            ],
            [
                2.5946097720422635e-11,
                1.31765156603929e-10,
                2.020684122231234e-11,
                8.764249144188342e-08,
                0.9999999121795905
            ],
            [
                9.545034609182057e-12,
                7.052879619348082e-11,
                1.783247232215503e-11,
                3.22418663130701e-08,
                0.9999999676602274
            ]
        ],
        [
            [
                0.9999999999194702,
                7.991959886250388e-11,
                0.0,
                0.0,
                6.101936672487106e-13
            ],
            [
                0.999999998394772,
                1.6052280519573486e-09,
                0.0,
                0.0,
                0.0
            ],
            [
                5.865778075252363e-10,
                1.0397340418621908e-08,
                2.826290152424269e-08,
                0.9933071095983298,
                0.0066928511548503995
            ],
            [
                9.056077337997492e-11,
                3.5817480680482426e-10,
                4.2777880335059004e-11,
                3.927863696558774e-07,
                0.999999606722117
            ],
            [
                1.0261880418637643e-10,
                2.461697140591458e-10,
                5.492788772171039e-11,
                8.31527989862367e-07,
                0.9999991680682937
            ]
        ],
        [
            [
                0.9999999999084332,
                9.056076977522151e-11,
                0.0,
                0.0,
                1.0060392779334943e-12
            ],
            [
                0.9999999865585842,
                1.3440409746029294e-08,
                0.0,
                0.0,
                1.006039263930778e-12
            ],
            [
                7.024177057518077e-11,
                1.5986953294746871e-09,
                3.835070728457416e-09,
                0.9959298567475631,
                0.004070137748428996
            ],
            [
                7.58256071303496e-10,
                5.905304220998096e-10,
                9.056077330203793e-11,
                3.9278636931784374e-07,
                0.9999996057742834
            ],
            [
                1.2256068739082748e-11,
                7.052880596323576e-11,
                9.545035931374609e-12,
                8.764249145479236e-08,
                0.9999999122651787
            ]
        ],
        [
            [
                0.9999999999563345,
                4.2777878640627115e-11,
                0.0,
                0.0,
                8.878265468276985e-13
            ],
            [
                0.9999999998074993,
                1.9171715112741241e-10,
                0.0,
                0.0,
                7.835041774912082e-13
            ],
            [
                4.5948643086447157e-10,
                8.756261453721664e-08,
                0.9990888414627725,
                0.0009110509772663457,
                1.9537860204704376e-08
            ],
            [
                3.5817477950607366e-10,
                4.0586519732485895e-10,
                4.847368523266577e-11,
                3.653482075790402e-08,
                0.9999999626526656
            ],
            [
                1.026188093148281e-10,
                2.7894684461860104e-10,
                4.2777884107982975e-11,
                1.8553915976218817e-07,
                0.9999998140364967
            ]
        ],
        [
            [
                0.9999999999867379,
                1.2256067433406324e-11,
                0.0,
                0.0,
                1.006039278405569e-12
            ],
            [
                0.9999999317427279,
                6.825604221004341e-08,
                5.384940884141218e-13,
                0.0,
                6.914400962598283e-13
            ],
            [
                1.7482341280762373e-13,
                5.1090890274939785e-12,
                0.9999999999684817,
                2.5946094979873286e-11,
                2.882350793123184e-13
            ],
            [
                1.0259786469586128e-10,
                4.5981172884746505e-10,
                1.3173826596737579e-10,
                0.00020342706252710895,
                0.999796572243325
            ],
            [
                5.78935655282828e-12,
                4.847368893904903e-11,
                1.0815941975955182e-11,
                3.927863697522969e-07,
                0.9999996071485513
            ]
        ],
        [
            [
                0.9999999999562161,
                4.27778786461676e-11,
                0.0,
                0.0,
                1.0060392782597686e-12
            ],
            [
                0.9999999907620752,
                9.237449561807517e-09,
                0.0,
                0.0,
                4.752193011242398e-13
            ],
            [
                3.160055856862902e-10,
                5.04215450055558e-07,
                0.9997383030640368,
                0.00026119006952469894,
                2.334983000211435e-09
            ],
            [
                1.0261743230541224e-10,
                3.160839439798363e-10,
                1.3176339127538305e-10,
                1.300712476074195e-05,
                0.9999869923247745
            ],
            [
                1.0815942052783537e-11,
                6.224144908047105e-11,
                1.7832473725084224e-11,
                5.043472046897616e-07,
                0.9999994955619055
            ]
        ],
        [
            [
                0.9999999999568521,
                4.2777878659219026e-11,
                0.0,
                0.0,
                3.7010116759564176e-13
            ],
            [
                0.9999999123575086,
                8.764249144161693e-08,
                0.0,
                0.0,
                0.0
            ],
            [
                5.255929479339581e-08,
                0.00020117750576560263,
                0.010983919643084114,
                0.9887408412234581,
                7.400906839731452e-05
            ],
            [
                9.544471242468055e-12,
                9.055542184625755e-11,
                1.5736172755042762e-11,
                5.829127762831074e-05,
                0.9999417086065356
            ],
            [
                2.7894684447427545e-10,
                4.0586526384490945e-10,
                4.2777884085849935e-11,
                1.8553915966619123e-07,
                0.9999998137332503
            ]
        ],
        [
            [
                0.999999999976215,
                2.28973484336176e-11,
                0.0,
                0.0,
                8.878265469604431e-13
            ],
            [
                0.9999993524033114,
                6.475946134396488e-07,
                7.8350419477924e-13,
                0.0,
                1.2917800316153095e-12
            ],
            [
                7.287724095033396e-14,
                6.101936676946966e-13,
                0.9999999999947256,
                4.5087552418083605e-12,
                8.25807328466493e-14
            ],
            [
                5.4925374150916566e-11,
                2.7893406571225343e-10,
                9.055663266377912e-11,
                4.5397856376060966e-05,
                0.9999546017192079
            ],
            [
                5.4927886178076695e-11,
                1.31765149102425e-10,
                2.940077882120583e-11,
                1.4449803163098913e-07,
                0.9999998552858745
            ]
        ],
        [
            [
                0.9999999998969618,
                1.0261879624584574e-10,
                0.0,
                0.0,
                4.1937956554708597e-13
            ],
            [
                0.9999999988961339,
                1.1032560291189266e-09,
                0.0,
                0.0,
                6.101936659770414e-13
            ],
            [
                7.242354943879328e-07,
                0.5986072173213953,
                0.03826767682532429,
                0.36307360878981587,
                5.077282797017336e-05
            ],
            [
                9.056060635638708e-11,
                2.7894630554717686e-10,
                4.8473599525865694e-11,
                1.7603431332119363e-06,
                0.9999982392388863
            ],
            [
                6.691586410251793e-10,
                4.599055597869425e-10,
                1.0261880120841375e-10,
                1.444980314985213e-07,
                0.9999998542702855
            ]
        ],
        [
            [
                0.9999999999954912,
                4.50875524044455e-12,
                0.0,
                0.0,
                0.0
            ],
            [
                0.9999999983934802,
                1.605228050030024e-09,
                0.0,
                0.0,
                1.2917800006371245e-12
            ],
            [
                7.567953274248219e-10,
                3.2179756174695214e-08,
                6.812454435642159e-08,
                0.9980731645703005,
                0.0019267343686036598
            ],
            [
                2.1718725733560453e-10,
                8.589922660030108e-10,
                3.5808125089423363e-10,
                0.0002611903285505283,
                0.9997388082371886
            ],
            [
                3.775134942504147e-11,
                1.4930948336982262e-10,
                1.7832474789228327e-11,
                8.764249143951925e-08,
                0.9999999121526153
            ]
        ],
        [
            [
                0.9999999999914018,
                8.423463748759587e-12,
                0.0,
                0.0,
                1.7482341270861795e-13
            ],
            [
                0.9999999998296702,
                1.6918979204603534e-10,
                0.0,
                0.0,
                1.1399918515924781e-12
            ],
            [
                1.1591341735129246e-10,
                8.126157919926081e-09,
                6.004463673910341e-08,
                0.9968272484830255,
                0.0031726832302664872
            ],
            [
                3.3315448937058875e-11,
                1.4930948337462265e-10,
                2.2897350872548656e-11,
                8.76424914423368e-08,
                0.9999999121519864
            ],
            [
                3.775134628317311e-11,
                1.917171556436438e-10,
                2.5946095560350296e-11,
                6.475946144056825e-07,
                0.9999993521499709
            ]
        ],
        [
            [
                0.9999999999831228,
                1.5737102089235252e-11,
                0.0,
                0.0,
                1.1399918517674127e-12
            ],
            [
                0.999999998582781,
                1.4166087834183773e-09,
                0.0,
                0.0,
                6.101936663714657e-13
            ],
            [
                9.219601256866147e-09,
                6.1323347877568254e-06,
                0.9980670486564115,
                0.0019267223160582493,
                8.747314124170506e-08
            ],
            [
                1.7832474277220443e-11,
                9.05607768494604e-11,
                1.7832474277220443e-11,
                8.315279899362644e-07,
                0.9999991683457844
            ],
            [
                2.2897307837656496e-11,
                1.6918949212692828e-10,
                2.940072523727437e-11,
                1.3709566543683547e-06,
                0.9999986288218582
            ]
        ],
        [
            [
                0.9999999999287799,
                7.052879845890359e-11,
                0.0,
                0.0,
                6.914400101820928e-13
            ],
            [
                0.9999999956355317,
                4.3634622301503495e-09,
                0.0,
                0.0,
                1.0060392740280846e-12
            ],
            [
                2.1333650249299478e-10,
                9.07129891611123e-09,
                4.6067857107530307e-08,
                0.9820137340839062,
                0.017986210563601276
            ],
            [
                2.2895165921067383e-11,
                1.9169887723076205e-10,
                2.594362184616583e-11,
                9.61024008741475e-05,
                0.9999038973585882
            ],
            [
                8.592167024870509e-10,
                5.905304277774825e-10,
                1.3176514892251046e-10,
                1.4449803143368887e-07,
                0.9999998539204563
            ]
        ],
        [
            [
                0.9999999999612426,
                3.7751345412702644e-11,
                0.0,
                0.0,
                1.00603927848149e-12
            ],
            [
                0.9999994956492024,
                5.043472040468819e-07,
                1.4637785793184055e-12,
                0.0,
                2.1297852658103078e-12
            ],
            [
                1.8379626586633906e-08,
                5.478889467227084e-05,
                0.9398615716548143,
                0.06008333356515391,
                2.8750573286355214e-07
            ],
            [
                7.433680959801098e-12,
                7.991960201990634e-11,
                1.7832473597700478e-11,
                3.9278636973654345e-07,
                0.9999996071084445
            ],
            [
                1.0261880416855073e-10,
                2.7894683062956876e-10,
                5.492788771216898e-11,
                8.315279897179239e-07,
                0.9999991680355168
            ]
        ],
        [
            [
                0.9999999999507427,
                4.8473687018665477e-11,
                0.0,
                0.0,
                7.835041777946458e-13
            ],
            [
                0.9999999634644879,
                3.653482071706155e-08,
                0.0,
                0.0,
                6.91439983816983e-13
            ],
            [
                3.576368890586077e-10,
                2.0992764344471898e-07,
                0.9984986004752565,
                0.0015011820561341717,
                7.183328940280637e-09
            ],
            [
                7.052880390883216e-11,
                1.4930947904666975e-10,
                3.331544797136205e-11,
                8.315279897348649e-07,
                0.9999991682188566
            ],
            [
                3.775135018843454e-11,
                1.3176515926487826e-10,
                2.289735133483385e-11,
                3.0590235895617387e-07,
                0.9999996939052271
            ]
        ],
        [
            [
                0.9999999999693074,
                2.940077734474739e-11,
                0.0,
                0.0,
                1.2917800026727468e-12
            ],
            [
                0.9980732656433122,
                0.0019267343311050302,
                2.285323826585234e-11,
                2.7294300805973253e-12,
                0.0
            ],
            [
                2.940072331736156e-11,
                1.0467382542539114e-08,
                0.9999989211309949,
                1.067703064496934e-06,
                6.691573783769543e-10
            ],
            [
                1.0815942699385644e-11,
                7.052880595854879e-11,
                1.5737103768608522e-11,
                8.764249144896811e-08,
                0.9999999122604267
            ],
            [
                5.492788562786501e-11,
                2.1724400188601264e-10,
                3.775134689868835e-11,
                3.927863696960838e-07,
                0.999999606903707
            ]
        ],
        [
            [
                0.9999999999189404,
                7.991959885439282e-11,
                0.0,
                0.0,
                1.139991851972448e-12
            ],
            [
                0.9999724643082852,
                2.753568983529614e-05,
                1.879478767504845e-12,
                0.0,
                0.0
            ],
            [
                5.789356176306414e-12,
                1.1032560032966356e-09,
                0.999999973751563,
                2.5109990896335007e-08,
                2.9400776618770575e-11
            ],
            [
                6.224145404741706e-11,
                1.9171717545801147e-10,
                3.331544960651955e-11,
                3.059023589271559e-07,
                0.999999693810367
            ],
            [
                3.5817480668491874e-10,
                4.058652281225252e-10,
                6.224144860223918e-11,
                3.9278636952438504e-07,
                0.999999606387349
            ]
        ],
        [
            [
                0.9999999999286877,
                7.052879842828072e-11,
                0.0,
                0.0,
                7.835041775861598e-13
            ],
            [
                0.9999999468414589,
                5.3157849659803613e-08,
                6.914399731752428e-13,
                0.0,
                0.0
            ],
            [
                6.560199862861227e-12,
                4.944450271838362e-09,
                0.9999999535946863,
                4.13993752612456e-08,
                5.49278809533636e-11
            ],
            [
                5.492788563342826e-11,
                2.4616970470011463e-10,
                4.8473688937021336e-11,
                3.927863697358663e-07,
                0.999999606864059
            ],
            [
                2.172439885583506e-10,
                1.6918978840679876e-10,
                2.0206838629842203e-11,
                2.215948926849804e-08,
                0.9999999774338703
            ]
        ],
        [
            [
                0.9999999999613609,
                3.775134541270711e-11,
                0.0,
                0.0,
                8.878265471384612e-13
            ],
            [
                0.9999999881381886,
                1.1861119989074537e-08,
                0.0,
                0.0,
                6.914400012345865e-13
            ],
            [
                7.991945767940466e-11,
                1.1253497582425971e-07,
                0.999998516348522,
                1.3709566633469552e-06,
                7.991945767940466e-11
            ],
            [
                3.7751348245295527e-11,
                1.1628233893453143e-10,
                2.020684059029476e-11,
                2.3823698443591393e-07,
                0.9999997615887751
            ],
            [
                9.056077942711795e-11,
