{
    "[['A', 'B', 'C', 'D', 'E'], ['A', 'B', 'C', 'D', 'E']]": [
        [
            [
                0.9999999999915765,
                8.423463748759392e-12,
                0.0,
                0.0,
                0.0
            ],
            [
                0.999999990761859,
                9.237449557593929e-09,
                0.0,
                0.0,
                6.914400028812358e-13
            ],
            [
                1.2256067260117328e-11,
                2.998960779838358e-09,
                0.9999999851047661,
                1.1861119973290432e-08,
                2.2897348112731612e-11
            ],
            [
                6.539387188997367e-12,
                1.9110890696663127e-10,
                3.763157501724184e-11,
                0.0031726830835529175,
                0.9968273166811672
            ],
            [
                5.789346053798095e-12,
                7.991945708847058e-11,
                9.545017982340768e-12,
                1.3709566532099368e-06,
                0.999998628948093
            ]
        ],
        [
            [
                0.9999999999087479,
                9.056076972373825e-11,
                0.0,
                0.0,
                6.914400093732221e-13
            ],
            [
                0.9999999998302,
                1.6918979183762612e-10,
                0.0,
                0.0,
                6.101936662317574e-13
            ],
            [
                3.511422102241834e-12,
                7.582560403867698e-10,
                0.9999999968995406,
                2.3355930313931995e-09,
                3.0988191288955067e-12
            ],
            [
                8.419833669680095e-12,
                1.1623221852744441e-10,
                1.7824788018588717e-11,
                0.00043055712124699793,
                0.9995694427362761
            ],
            [
                5.492789036553892e-11,
                2.1724402062387643e-10,
                2.020684161240071e-11,
                6.82560422829347e-08,
                0.999999931451579
            ]
        ],
        [
            [
                0.9999999999566838,
                4.277787865108154e-11,
                0.0,
                0.0,
                5.38494021289395e-13
            ],
            [
                0.9999999865587026,
                1.3440409748903553e-08,
                8.878265344872612e-13,
                0.0,
                0.0
            ],
            [
                3.978962528243917e-12,
                1.2501528640009916e-09,
                0.9999999981538741,
                5.905303987674549e-10,
                1.4637785113324816e-12
            ],
            [
                1.081513794450485e-11,
                9.055404132929453e-11,
                1.3886912005728243e-11,
                7.484619763707391e-05,
                0.9999251536871068
            ],
            [
                2.594609556235368e-11,
                1.6918979604090816e-10,
                2.0206839541606547e-11,
                6.475946144556855e-07,
                0.9999993521900429
            ]
        ],
        [
            [
                0.9999999996832205,
                3.160881448238455e-10,
                0.0,
                0.0,
                6.914400093650675e-13
            ],
            [
                0.9999999981797465,
                1.8189616787870796e-09,
                0.0,
                0.0,
                1.2917799985606314e-12
            ],
            [
                1.8189583718254425e-09,
                1.7603431032766758e-06,
                0.9999982225374576,
                1.5229951982465306e-08,
                7.052866994641039e-11
            ],
            [
                4.59903797495049e-10,
                1.4166034259256363e-09,
                2.4616876362850835e-10,
                2.9023121935762655e-06,
                0.9999970955651304
            ],
            [
                2.5946095986348806e-11,
                1.9171715879137068e-10,
                2.0206839871814285e-11,
                3.9278636974091636e-07,
                0.9999996069757602
            ]
        ],
        [
            [
                0.999999999981384,
                1.783247289429284e-11,
                0.0,
                0.0,
                7.835041778977564e-13
            ],
            [
                0.9999999928053286,
                7.1941329617633925e-09,
                0.0,
                0.0,
                5.384940166434131e-13
            ],
            [
                1.4930946413663478e-10,
                1.9555680631656828e-08,
                0.9999999768893085,
                3.3982677402204986e-09,
                7.433680498939765e-12
            ],
            [
                2.411163472583117e-12,
                9.047824180122367e-11,
                1.0806084981874131e-11,
                0.0009110514063832504,
                0.9990889484899211
            ],
            [
                1.0815921780699633e-11,
                1.1628211768387223e-10,
                9.545017470064689e-12,
                1.0677030760143575e-06,
                0.9999989321602809
            ]
        ],
        [
            [
                0.9999999999656786,
                3.3315445388084103e-11,
                0.0,
                0.0,
                1.0060392782692882e-12
            ],
            [
                0.9999982396568671,
                1.7603431329953604e-06,
                0.0,
                0.0,
                0.0
            ],
            [
                3.5114220946730675e-12,
                3.3982678013943385e-09,
                0.9999999947761602,
                1.8189616778644218e-09,
                3.0988191222160936e-12
            ],
            [
                5.1062643244498726e-12,
                1.0256206062829385e-10,
                1.782261372378226e-11,
                0.0005527785903115679,
                0.9994472212841975
            ],
            [
                2.28973501521279e-11,
                1.691898047909313e-10,
                1.573710327228034e-11,
                2.382369843929164e-07,
                0.9999997615551913
            ]
        ],
        [
            [
                0.9999999999821676,
                1.783247289729466e-11,
                0.0,
                0.0,
                0.0
            ],
            [
                0.9999999990257697,
                9.736200277756693e-10,
                0.0,
                0.0,
                6.101936655511408e-13
            ],
            [
                2.129785168441519e-12,
                9.736200301515731e-10,
                0.9999999988744022,
                1.4930946744345275e-10,
                5.384940211396976e-13
            ],
            [
                7.369911559419254e-12,
                2.1538038685507202e-10,
                4.2410912781759604e-11,
                0.008577485698151527,
                0.9914225140366874
            ],
            [
                7.433667482372433e-12,
                1.1628212397621185e-10,
                2.0206803236139886e-11,
                1.370956653817582e-06,
                0.9999986288994236
            ]
        ],
        [
            [
                0.9999999999842628,
                1.5737102096084627e-11,
                0.0,
                0.0,
                0.0
            ],
            [
                0.9999999999842628,
                1.573710209608009e-11,
                0.0,
                0.0,
                0.0
            ],
            [
                4.8473685756918796e-11,
                2.5109990881027084e-08,
                0.9999999732311984,
                1.6052280119439922e-09,
                5.1090888904347295e-12
            ],
            [
                5.789279380202322e-12,
                5.492715344223704e-11,
                6.560112974047936e-12,
                1.3007124769146537e-05,
                0.9999869928079543
            ],
            [
                1.0815941799314506e-11,
                1.1628233290426466e-10,
                1.2256067718354057e-11,
                6.475946144808426e-07,
                0.9999993522660311
            ]
        ],
        [
            [
                0.9999999999284652,
                7.052879829456323e-11,
                0.0,
                0.0,
                1.0060392761942778e-12
            ],
            [
                0.9999999999500626,
                4.847368697211013e-11,
                0.0,
                0.0,
                1.4637785113902546e-12
            ],
            [
                1.5737102015885687e-11,
                2.9989608075201194e-09,
                0.9999999943352171,
                2.6465736236091026e-09,
                3.511422093076752e-12
            ],
            [
                5.109079683730579e-12,
                9.056060426446762e-11,
                1.0815921775333113e-11,
                2.260325272923108e-06,
                0.9999977395682415
            ],
            [
                2.1297771151796603e-12,
                4.8473503714083065e-11,
                6.5601753546164285e-12,
                2.902312198668459e-06,
                0.9999970976306379
            ]
        ],
        [
            [
                0.9999999999510512,
                4.8473687027893245e-11,
                0.0,
                0.0,
                4.752193059358568e-13
            ],
            [
                0.9999999999437803,
                5.492788343779055e-11,
                0.0,
                0.0,
                1.2917800030984501e-12
            ],
            [
                6.431393940844886e-14,
                6.101936677029311e-13,
                0.9999999999961622,
                3.0988191384293017e-12,
                6.431393940844886e-14
            ],
            [
                2.0206802133271133e-11,
                2.172435961832338e-10,
                2.0206802133271133e-11,
                2.260325272990436e-06,
                0.9999977394170698
            ],
            [
                5.4927890790632375e-11,
                2.789468462632959e-10,
                2.5946098422105944e-11,
                6.023574636354462e-08,
                0.9999999394044329
            ]
        ],
        [
            [
                0.9999999999285836,
                7.052879834135811e-11,
                0.0,
                0.0,
                8.87826545708959e-13
            ],
            [
                0.9999999999760967,
                2.289734843064657e-11,
                0.0,
                0.0,
                1.0060392781493504e-12
            ],
            [
                1.0261879052597364e-10,
                5.3157849544408503e-08,
                0.999999943736592,
                2.998960655618157e-09,
                3.978962311294047e-12
            ],
            [
                1.0815900648446445e-11,
                7.991929665183118e-11,
                1.2256021088311573e-11,
                2.9023121991427683e-06,
                0.9999970975848097
            ],
            [
                7.834997397408994e-13,
                2.0206724612950094e-11,
                2.734682798777834e-12,
                4.785094846549646e-06,
                0.9999952148814286
            ]
        ],
        [
            [
                0.9999999999867379,
                1.2256067433406324e-11,
                0.0,
                0.0,
                1.006039278405569e-12
            ],
            [
                0.9999999996833018,
                3.1608814467975847e-10,
                0.0,
                0.0,
                6.101936663095822e-13
            ],
            [
                9.357622967844462e-14,
                5.384940217181042e-13,
                0.9999999999962121,
                3.0988191383920907e-12,
                5.675685232028792e-14
            ],
            [
                1.0813735390543013e-11,
                1.3173826608793565e-10,
                1.7828835554111023e-11,
                0.00020342706434483505,
                0.9997965727752743
            ],
            [
                3.7751348233114245e-11,
                3.1608816879445995e-10,
                3.331544788411576e-11,
                2.3823698435904166e-07,
                0.9999997613758607
            ]
        ],
        [
            [
                0.9999999999821676,
                1.783247289430681e-11,
                0.0,
                0.0,
                0.0
            ],
            [
                0.9999999530875786,
                4.691163787691938e-08,
                0.0,
                0.0,
                7.835041394006625e-13
            ],
            [
                4.752193062285031e-13,
                2.5946094980110532e-11,
                0.9999999999354572,
                3.775134543892923e-11,
                3.70101167821408e-13
            ],
            [
                7.0526251096435e-11,
                3.581618561890781e-10,
                4.277633360457956e-11,
                3.5356257825289925e-05,
                0.9999646432707103
            ],
            [
                1.9171460300164134e-10,
                7.58245963775751e-10,
                1.0261743227060964e-10,
                1.3007124756330596e-05,
                0.9999869918226657
            ]
        ],
        [
            [
                0.999999999972762,
                2.594609495976463e-11,
                0.0,
                0.0,
                1.2917800036408916e-12
            ],
            [
                0.9999999998963751,
                1.0261879620647332e-10,
                0.0,
                0.0,
                1.0060392781995661e-12
            ],
            [
                3.7010116781126524e-13,
                3.775134543789464e-11,
                0.9999999999130782,
                4.847368705641554e-11,
                3.2661313423638313e-13
            ],
            [
                4.847304269833654e-11,
                4.058598174507876e-10,
                6.224061884885426e-11,
                1.3007124747082113e-05,
                0.9999869923586794
            ],
            [
                5.492778306738406e-11,
                3.160875674266306e-10,
                3.331538450041287e-11,
                1.067703075851627e-06,
                0.9999989318925935
            ]
        ],
        [
            [
                0.999999999990455,
                9.545034917112889e-12,
                0.0,
                0.0,
                0.0
            ],
            [
                0.9999999999507427,
                4.847368696040316e-11,
                0.0,
                0.0,
                7.835041768529232e-13
            ],
            [
                1.7832472849881518e-11,
                2.6465736302618437e-09,
                0.999999996812573,
                5.211412470861048e-10,
                1.879528810398011e-12
            ],
            [
                8.413604957136525e-12,
                1.3161092516346744e-10,
                2.9366366809007507e-11,
                0.0011695103504539115,
                0.9988304894801552
            ],
            [
                2.4616924478647096e-10,
                4.0586447007164133e-10,
                4.277780042276299e-11,
                2.2603252714548877e-06,
                0.9999977389799171
            ]
        ],
        [
            [
                0.9999999999087479,
                9.056076978855311e-11,
                0.0,
                0.0,
                6.914400098680896e-13
            ],
            [
                0.9999999979380627,
                2.061153613940234e-09,
                0.0,
                0.0,
                7.8350417527598e-13
            ],
            [
                7.83504178126876e-13,
                2.789468091517587e-10,
                0.9999999995704851,
                1.4930946754738453e-10,
                4.752193060468988e-13
            ],
            [
                9.545017989746261e-12,
                9.056060924000241e-11,
                9.545017989746261e-12,
                1.3709566542735923e-06,
                0.9999986289336951
            ],
            [
                3.978879394772384e-12,
                7.05273248004851e-11,
                1.0815715556439893e-11,
                2.1444939759820574e-05,
                0.9999785549749183
            ]
        ],
        [
            [
                0.9999999999854206,
                1.3887943854230924e-11,
                0.0,
                0.0,
                6.914400101596508e-13
            ],
            [
                0.9999999918479795,
                8.152020636466503e-09,
                0.0,
                0.0,
                0.0
            ],
            [
                1.573710203086557e-11,
                2.646573626128331e-09,
                0.9999999952734366,
                2.0611536124848715e-09,
                3.0988191237570636e-12
            ],
            [
                3.509908868572242e-12,
                7.049840417673162e-11,
                1.3881958865662573e-11,
                0.0004305571212067981,
                0.9995694427909029
            ],
            [
                4.5087469991662395e-12,
                7.052866956689556e-11,
                7.433667081730753e-12,
                1.0677030762461966e-06,
                0.9999989322144527
            ]
        ],
        [
            [
                0.9999999999450722,
                5.4927883437861515e-11,
                0.0,
                0.0,
                0.0
            ],
            [
                0.9999999847700205,
                1.5229979493720548e-08,
                0.0,
                0.0,
                0.0
            ],
            [
                1.0815942878940885e-11,
                6.82560421039024e-08,
                0.9999999287317674,
                2.9989611913156617e-09,
                2.4133630667343483e-12
            ],
            [
                2.4133123443418044e-12,
                7.052732480380226e-11,
                7.4335253447435e-12,
                2.1444939760829207e-05,
                0.999978554979865
            ],
            [
                4.508755808000624e-12,
                4.8473693144613054e-11,
                5.789357055111276e-12,
                3.059023588828661e-07,
                0.9999996940388692
            ]
        ],
        [
            [
                0.9999999999694593,
                2.9400777366685165e-11,
                0.0,
                0.0,
                1.1399918520300393e-12
            ],
            [
                0.9999999970010391,
                2.9989608121129566e-09,
                0.0,
                0.0,
                0.0
            ],
            [
                2.2897347968322854e-11,
                1.9555680670956506e-08,
                0.9999999788134593,
                1.605228020964869e-09,
                2.7346982332927403e-12
            ],
            [
                2.937992409444214e-11,
                3.158639513452699e-10,
                1.025460111537996e-10,
                0.0007096703474360179,
                0.9992903292047741
            ],
            [
                3.978856578231211e-12,
                5.492642080991382e-11,
                5.108952975804091e-12,
                2.7535690696803103e-05,
                0.999972464245289
            ]
        ],
        [
            [
                0.9999999998676248,
                1.3176514249685255e-10,
                0.0,
                0.0,
                6.101936668153521e-13
            ],
            [
                0.9999999998973812,
                1.0261879606681253e-10,
                0.0,
                0.0,
                0.0
            ],
            [
                3.5114221019893383e-12,
                2.6465736303265566e-09,
                0.9999999968276336,
                5.211412470988475e-10,
                1.1399918493474815e-12
            ],
            [
                9.521432879098918e-12,
                2.782570564627676e-10,
                7.972198143677969e-11,
                0.0024726229725375417,
                0.9975273766599619
            ],
            [
                6.224144592058394e-11,
                1.9171715042560312e-10,
                2.289734834296697e-11,
                4.3634622313166105e-09,
                0.9999999953596819
            ]
        ],
        [
            [
                0.9999999999972653,
                2.7346982899684615e-12,
                0.0,
                0.0,
                0.0
            ],
            [
                0.9999999966010407,
                3.3982678009401448e-09,
                0.0,
                0.0,
                6.914400069186797e-13
            ],
            [
                7.433680645542476e-12,
                2.646573629364198e-09,
                0.9999999964840414,
                8.592166588186295e-10,
                2.7346982817291323e-12
            ],
            [
                4.508661028190102e-12,
                1.0261665201387907e-10,
                1.3887653665091246e-11,
                2.144493974585727e-05,
                0.9999785549392411
            ],
            [
                2.129777115340763e-12,
                4.847350371774975e-11,
                9.544998820078832e-12,
                2.902312198887999e-06,
                0.9999970976276529
            ]
        ],
        [
            [
                0.999999999996021,
                3.978962533157551e-12,
                0.0,
                0.0,
                0.0
            ],
            [
                0.9999999999771028,
                2.289734843625746e-11,
                0.0,
                0.0,
                0.0
            ],
            [
                2.0206838603363276e-11,
                1.955568061668045e-08,
                0.9999999760555413,
                4.363462147811454e-09,
                5.109088904966118e-12
            ],
            [
                3.325126363218631e-11,
                1.1011306233774787e-09,
                5.893927504550354e-10,
                0.2227001437993853,
                0.7772998544768401
            ],
            [
                1.2256068974062773e-11,
                1.6918981338200478e-10,
                2.5946098221696978e-11,
                6.82560422839632e-08,
                0.9999999315365657
            ]
        ],
        [
            [
                0.9999999998676965,
                1.31765142496862e-10,
                0.0,
                0.0,
                5.384940209413235e-13
            ],
            [
                0.99999999988283,
                1.1628233001699669e-10,
                0.0,
                0.0,
                8.878265456683376e-13
            ],
            [
                1.0603575990728721e-13,
                7.835041784476867e-13,
                0.9999999999955422,
                3.5114221131132026e-12,
                5.6756852322071234e-14
            ],
            [
                3.7749116041482894e-11,
                3.1606947888275675e-10,
                2.939904113336021e-11,
                5.829127742855814e-05,
                0.9999417083393538
            ],
            [
                1.463775836268783e-12,
                3.7751276379945444e-11,
                5.109079681423563e-12,
                2.2603252719024535e-06,
                0.999997739630404
            ]
        ],
        [
            [
                0.9999999999564386,
                4.277787859965474e-11,
                0.0,
                0.0,
                7.835041768573859e-13
            ],
            [
                0.9999999999740539,
                2.5946094949654883e-11,
                0.0,
                0.0,
                0.0
            ],
            [
                4.508755215792924e-12,
                4.363462227295815e-09,
                0.9999999942126854,
                1.4166087783165465e-09,
                2.734698275517659e-12
            ],
            [
                7.991823183005585e-11,
                4.598976707508858e-10,
                1.02617040926535e-10,
                1.6701415092033592e-05,
                0.999983297942475
            ],
            [
                2.1724398513609774e-10,
                1.1032559898280253e-09,
                9.056076640684156e-11,
                3.653482072928951e-08,
                0.9999999620541186
            ]
        ],
        [
            [
                0.9999999999657969,
                3.3315445398231315e-11,
                0.0,
                0.0,
                8.878265472215027e-13
            ],
            [
                0.9999999999193889,
                7.991959883492515e-11,
                0.0,
                0.0,
                6.914400098754473e-13
            ],
            [
                3.442477108142303e-14,
                5.384940217241467e-13,
                0.9999999999953753,
                3.978962535458501e-12,
                7.287724095126007e-14
            ],
            [
                2.413339940677946e-12,
                3.775098830343363e-11,
                4.508712588081292e-12,
                1.0129988104110565e-05,
                0.9999898699672228
            ],
            [
                5.1090887537851895e-12,
                5.492788056077899e-11,
                6.560199815973682e-12,
                5.315784969049933e-08,
                0.9999999467755532
            ]
        ],
        [
            [
                0.9999999999087479,
                9.056076981065349e-11,
                0.0,
                0.0,
                6.914400100368281e-13
            ],
            [
                0.999999855501185,
                1.4449803152713053e-07,
                0.0,
                0.0,
                7.835042160078259e-13
            ],
            [
                2.289734835413128e-11,
                3.398267804308806e-09,
                0.9999999956017034,
                9.736200269500187e-10,
                3.5114220976845797e-12
            ],
            [
                1.658678435923258e-12,
                3.7751347195508346e-11,
                3.098819282593628e-12,
                5.04347205000508e-07,
                0.9999994956102861
            ],
            [
                5.905304775845931e-10,
                7.582561425473681e-10,
                6.224145441756352e-11,
                6.023574630347952e-08,
                0.9999999383532256
            ]
        ],
        [
            [
                0.9999999999617735,
                3.775134540891129e-11,
                0.0,
                0.0,
                4.752193058506329e-13
            ],
            [
                0.9999999999842628,
                1.5737102098413987e-11,
                0.0,
                0.0,
                0.0
            ],
            [
                4.508755234098953e-12,
                9.73620029531141e-10,
                0.9999999982621515,
                7.58256041412857e-10,
                1.463778511465099e-12
            ],
            [
                3.331525668268024e-11,
                2.7894522899472844e-10,
                3.7751131573503356e-11,
                4.785094846855522e-06,
                0.9999952145551415
            ],
            [
                3.0987898227193846e-12,
                3.7750988300768287e-11,
                4.508712587762962e-12,
                1.0129988103395354e-05,
                0.999989869966538
            ]
        ],
        [
            [
                0.9999999999791829,
                2.0206839064539883e-11,
                0.0,
                0.0,
                6.101936669849945e-13
            ],
            [
                0.9999999995392068,
                4.5990553627407164e-10,
                0.0,
                0.0,
                8.878265447743043e-13
            ],
            [
                4.508755239914302e-12,
                3.581747928392097e-10,
                0.9999999995204958,
                1.162823302408152e-10,
                5.384940214910906e-13
            ],
            [
                3.0951922916941074e-12,
                7.98260613118668e-11,
                1.0803282617304706e-11,
                0.0011695103501550268,
                0.9988304895561204
            ],
            [
                8.42335178937677e-12,
                1.0261743230296331e-10,
                1.081579779126194e-11,
                1.300712476043154e-05,
                0.999986992753383
            ]
        ],
        [
            [
                0.9999999999842628,
                1.5737102098409984e-11,
                0.0,
                0.0,
                0.0
            ],
            [
                0.9999999804443194,
                1.955568068097825e-08,
                0.0,
                0.0,
                0.0
            ],
            [
                2.41336276932953e-12,
                3.1608814510345134e-10,
                0.9999999990110482,
                6.691586084350759e-10,
                1.2917800034458706e-12
            ],
            [
                2.7337805865989212e-12,
                9.053037968112227e-11,
                2.0200058116546973e-11,
                0.00033535005795214064,
                0.9996646498285836
            ],
            [
                3.978963040478859e-12,
                3.331544964697667e-11,
                6.56020100016715e-12,
                1.855391597930509e-07,
                0.9999998144169856
            ]
        ],
        [
            [
                0.999999999956612,
                4.2777878640638986e-11,
                0.0,
                0.0,
                6.101936670608576e-13
            ],
            [
                0.999999996148252,
                3.850741899998558e-09,
                0.0,
                0.0,
                1.0060392733347055e-12
            ],
            [
                9.05607668862417e-11,
                3.224186630075973e-08,
                0.9999999669065822,
                7.582560175846918e-10,
                2.734698200683045e-12
            ],
            [
                1.2256068861228695e-11,
                1.4930948488388445e-10,
                2.0206841426673243e-11,
                7.73442280144761e-08,
                0.9999999224739996
            ],
            [
                1.5737104102423818e-11,
                9.056078138038887e-11,
                6.5602010000273325e-12,
                1.855391597890965e-07,
                0.9999998143479821
            ]
        ],
        [
            [
                0.999999999981384,
                1.783247289852118e-11,
                0.0,
                0.0,
                7.835041780835368e-13
            ],
            [
                0.9999999995929949,
                4.058652116458295e-10,
                0.0,
                0.0,
                1.1399918502306745e-12
            ],
            [
                8.423463729220785e-12,
                2.6465736309764744e-09,
                0.999999997064916,
                2.789468084507981e-10,
                1.1399918496274288e-12
            ],
            [
                7.433624345183483e-12,
                1.0261801874443983e-10,
                1.225597457629832e-11,
                7.889265047482732e-06,
                0.9999921106126449
            ],
            [
                6.543978738446741e-12,
                1.3143932657562708e-10,
                2.588193798371787e-11,
                0.0024726229732608147,
                0.997527376862874
            ]
        ],
        [
            [
                0.999999999978787,
                2.020683904259857e-11,
                0.0,
                0.0,
                1.0060392769122774e-12
            ],
            [
                0.9999999998299225,
                1.6918979192498792e-10,
                0.0,
                0.0,
                8.878265460800441e-13
            ],
            [
                1.081594141530575e-11,
                1.1861119995643918e-08,
                0.9999999870223948,
                1.103256017861206e-09,
                2.4133627401532065e-12
            ],
            [
                6.5602003594780354e-12,
                1.0261879930983383e-10,
                1.0815941872726065e-11,
                1.6373771783439232e-07,
                0.9999998361422873
            ],
            [
                2.733780585716304e-12,
                7.989277963260394e-11,
                1.5731821074175558e-11,
                0.00033535005784387085,
                0.9996646498437978
            ]
        ],
        [
            [
                0.9999999999972653,
                2.7346982892339094e-12,
                0.0,
                0.0,
                0.0
            ],
            [
                0.9999999998837177,
                1.1628232993985873e-10,
                0.0,
                0.0,
                0.0
            ],
            [
                3.5114221101456602e-12,
                7.58256042093521e-10,
                0.9999999991348301,
                1.0261879622259957e-10,
                7.835041777855385e-13
            ],
            [
                5.786861406681511e-12,
                1.6911687995153692e-10,
                1.782478800721389e-11,
                0.000430557127003252,
                0.9995694426802683
            ],
            [
                2.2897350205734725e-11,
                1.9171716602236657e-10,
                2.594609696495768e-11,
                8.315279896222559e-07,
                0.9999991682314499
            ]
        ],
        [
            [
                0.9999999999562161,
                4.27778785746022e-11,
                0.0,
                0.0,
                1.0060392765767117e-12
            ],
            [
                0.9999999123565027,
                8.764249130119137e-08,
                0.0,
                0.0,
                1.006039383818846e-12
            ],
            [
                2.789463041514486e-10,
                1.7603431244039304e-06,
                0.9999982344239428,
                4.9444415481986624e-09,
                9.545017638056245e-12
            ],
            [
                1.6986744957359856e-11,
                5.625237365700092e-10,
                4.380939265369758e-10,
                0.9525741236710958,
                0.04742587531129976
            ],
            [
                3.331544797757412e-11,
                2.461697140673009e-10,
                2.9400779648427387e-11,
                8.315279898899136e-07,
                0.9999991681631242
            ]
        ],
        [
            [
                0.9999999999701241,
                2.940077737229257e-11,
                0.0,
                0.0,
                4.752193059449207e-13
            ],
            [
                0.9999999586006245,
                4.1399375407487873e-08,
                0.0,
                0.0,
                0.0
            ],
            [
                4.508755035255858e-12,
                4.36346205257649e-09,
                0.9999999542124468,
                4.139937528682049e-08,
                2.0206838162337896e-11
            ],
            [
                7.43334107133597e-12,
                1.0261410826959687e-10,
                2.5944909658749363e-11,
                4.53978563989314e-05,
                0.9999546020076087
            ],
            [
                6.560200064309303e-12,
                6.224144524382888e-11,
                9.545034771747808e-12,
                1.522997950363016e-08,
                0.9999999846916738
            ]
        ],
        [
            [
                0.9999999999699078,
                2.9400777355204525e-11,
                0.0,
                0.0,
                6.914400098088077e-13
            ],
            [
                0.9999999998308102,
                1.6918979214471607e-10,
                0.0,
                0.0,
                0.0
            ],
            [
                3.331544519365767e-11,
                5.602796399192479e-09,
                0.9999999932587527,
                1.1032560247930174e-09,
                1.87952880367584e-12
            ],
            [
                2.7344951052945417e-12,
                4.847008549940666e-11,
                1.0815137939890694e-11,
                7.484619820659478e-05,
                0.9999251537397736
            ],
            [
                3.0988134714193146e-12,
                4.84735984111756e-11,
                5.109079684261128e-12,
                2.26032527315783e-06,
                0.9999977396180454
            ]
        ],
        [
            [
                0.9999999999200804,
                7.991959883493164e-11,
                0.0,
                0.0,
                0.0
            ],
            [
                0.9999989322954623,
                1.0677030738893623e-06,
                0.0,
                0.0,
                1.4637758347427545e-12
            ],
            [
                5.789356270225862e-12,
                9.23744956862083e-09,
                0.9999999899970412,
                7.582560351285753e-10,
                1.4637784993335816e-12
            ],
            [
                4.277470030938174e-11,
                1.6917722152353933e-10,
                2.5944167197659494e-11,
                7.484619850961351e-05,
                0.9999251535635943
            ],
            [
                1.2917456059121734e-12,
                4.277673955543647e-11,
                5.789202163673808e-12,
                2.753568982017886e-05,
                0.999972464260322
            ]
        ],
        [
            [
                0.9999999999515263,
                4.84736869916846e-11,
                0.0,
                0.0,
                0.0
            ],
            [
                0.9999999999559304,
                4.2777878627205256e-11,
                0.0,
                0.0,
                1.2917800028991208e-12
            ],
            [
                1.0815941541455127e-11,
                1.250152864556978e-09,
                0.9999999986068959,
                1.3176514250809887e-10,
                3.7010116731757504e-13
            ],
            [
                3.978955351426375e-12,
                7.991945462678964e-11,
                8.423448545070728e-12,
                1.7603431336765891e-06,
                0.9999982395645445
            ],
            [
                1.3176513884257183e-10,
                3.1608813617559e-10,
                2.289734778596913e-11,
                2.8453347256655302e-08,
                0.9999999710759022
            ]
        ],
        [
            [
                0.9999999999759628,
                2.2897348430643507e-11,
                0.0,
                0.0,
                1.1399918517592503e-12
            ],
            [
                0.9999999468413668,
                5.315784957775927e-08,
                0.0,
                0.0,
                7.835041347828263e-13
            ],
