{
    "[['A', 'B', 'C', 'D', 'E'], ['A', 'B', 'C', 'D', 'E']]": [
        [
            [
                0.9999999999280076,
                7.052879843737581e-11,
                0.0,
                0.0,
                1.4637785125953639e-12
            ],
            [
                0.9997965729166519,
                0.00020342706087701066,
                2.020271743238238e-11,
                1.6583400326361237e-12,
                6.100692044784086e-13
            ],
            [
                8.258073284975718e-14,
                1.291780004695237e-12,
                0.9999999999919826,
                6.560200167692866e-12,
                8.258073284975718e-14
            ],
            [
                3.3315319417281354e-11,
                1.162818905036997e-10,
                2.289726185499417e-11,
                2.9023121994662447e-06,
                0.9999970975153061
            ],
            [
                4.8473693154553134e-11,
                1.317651592603214e-10,
                1.7832475149212977e-11,
                3.059023589455948e-07,
                0.9999996938995698
            ]
        ],
        [
            [
                0.9999999998964935,
                1.0261879614167062e-10,
                0.0,
                0.0,
                8.87826546328906e-13
            ],
            [
                0.9999832985824796,
                1.6701415107120123e-05,
                2.4133214911859092e-12,
                0.0,
                0.0
            ],
            [
                9.139338679803692e-10,
                7.260275983373812e-08,
                0.7310582804947183,
                0.2689413206052824,
                3.253833055327971e-07
            ],
            [
                6.559574863385521e-12,
                1.0260901490471363e-10,
                2.2895165928361375e-11,
                9.610240002967324e-05,
                0.9999038974679065
            ],
            [
                2.2897306581990477e-11,
                1.31764901730046e-10,
                2.2897306581990477e-11,
                2.2603252733109507e-06,
                0.9999977394971672
            ]
        ],
        [
            [
                0.9999999468410103,
                5.315784960885999e-08,
                0.0,
                0.0,
                1.139991790093842e-12
            ],
            [
                0.9999999943972036,
                5.6027963959546685e-09,
                0.0,
                0.0,
                0.0
            ],
            [
                1.6479733021473598e-11,
                7.940380040915208e-10,
                7.940380040915208e-10,
                0.9241418226806726,
                0.07585817571477181
            ],
            [
                1.2251954575835883e-11,
                1.4925936262693395e-10,
                5.490945091280212e-11,
                0.00033535005610832214,
                0.9996646497274709
            ],
            [
                3.331544475388054e-11,
                1.1628232797141598e-10,
                2.2897347997495036e-11,
                1.9555680695871266e-08,
                0.9999999802718242
            ]
        ],
        [
            [
                0.9999999998272988,
                1.691897917249002e-10,
                0.0,
                0.0,
                3.5114221022394675e-12
            ],
            [
                0.9999999847694103,
                1.5229979499665203e-08,
                6.101936579426344e-13,
                0.0,
                0.0
            ],
            [
                1.7343707298211352e-10,
                3.074245676992858e-09,
                3.4835767332318354e-09,
                0.9046505238613702,
                0.0953494694073704
            ],
            [
                4.847341591015092e-11,
                2.1724277828647465e-10,
                4.277763939840304e-11,
                6.144172124235312e-06,
                0.999993855519382
            ],
            [
                2.5946098268991937e-11,
                1.6918981369040666e-10,
                2.0206841649538544e-11,
                1.8553915976123314e-07,
                0.9999998142454974
            ]
        ],
        [
            [
                0.9999999999783293,
                2.0206839057347693e-11,
                0.0,
                0.0,
                1.4637785117444897e-12
            ],
            [
                0.9770226318243789,
                0.02297736778115172,
                3.499450955573644e-10,
                3.254996431504507e-11,
                1.1974462682369171e-11
            ],
            [
                3.309245601959401e-11,
                1.8067868787230208e-09,
                1.9424789557580937e-08,
                0.9933071274590455,
                0.006692851276285674
            ],
            [
                3.850741988868032e-09,
                1.10325605128164e-09,
                1.917171546667771e-10,
                6.475946111059589e-07,
                0.9999993472596737
            ],
            [
                1.3887309410396656e-11,
                1.3175912316361936e-10,
                2.5944909665584017e-11,
                4.5397855719482096e-05,
                0.9999546019726891
            ]
        ],
        [
            [
                0.9999999999286877,
                7.052879843742378e-11,
                0.0,
                0.0,
                7.835041776877301e-13
            ],
            [
                0.9999999847670009,
                1.5229979485011613e-08,
                1.1399918336052592e-12,
                0.0,
                1.8795287844894316e-12
            ],
            [
                4.420228078688412e-14,
                6.560200131120598e-12,
                0.9999999943881857,
                5.602796405908756e-09,
                2.413362758209468e-12
            ],
            [
                1.3887891340292967e-11,
                1.026184082092779e-10,
                1.573704258861315e-11,
                2.902312199836233e-06,
                0.9999970975555568
            ],
            [
                1.4930945953279086e-10,
                2.789467941785265e-10,
                5.492788053453319e-11,
                5.3157849665099296e-08,
                0.9999999463589662
            ]
        ],
        [
            [
                0.9999999999615572,
                3.775134539969031e-11,
                0.0,
                0.0,
                6.914400099046041e-13
            ],
            [
                0.9999546021428066,
                4.539785572965873e-05,
                1.4637116434346026e-12,
                0.0,
                0.0
            ],
            [
                6.431393940997167e-14,
                8.878265477831781e-13,
                0.9999999999915208,
                7.433680671826473e-12,
                9.357622968178396e-14
            ],
            [
                1.7832405644266936e-11,
                1.3176464568437598e-10,
                3.331531975619325e-11,
                3.7266391151864486e-06,
                0.9999962731779725
            ],
            [
                1.2256067245646937e-11,
                7.991959763546616e-11,
                1.0815941382151936e-11,
                1.5229979498105938e-08,
                0.9999999846670289
            ]
        ],
        [
            [
                0.9999999997808764,
                2.1724399280879218e-10,
                0.0,
                0.0,
                1.879528810490601e-12
            ],
            [
                0.997527376131187,
                0.002472622961837044,
                8.570920724666876e-10,
                3.7657997497117553e-11,
                1.2225761803213775e-11
            ],
            [
                9.042476175365154e-11,
                2.994456853729246e-09,
                2.8410615601556365e-08,
                0.9984987865236464,
                0.0015011819808563246
            ],
            [
                5.211323338195168e-10,
                8.592019636178373e-10,
                1.0261704085547234e-10,
                1.6701415080467805e-05,
                0.9999832971019682
            ],
            [
                2.7346985019108724e-12,
                3.331544798387404e-11,
                4.5087555890522304e-12,
                8.315279900471546e-07,
                0.9999991684314511
            ]
        ],
        [
            [
                0.9999999998061531,
                1.9171715098994125e-10,
                0.0,
                0.0,
                2.1297851666689353e-12
            ],
            [
                0.99999995859908,
                4.139937542820526e-08,
                1.0060392365224464e-12,
                0.0,
                5.384939988871589e-13
            ],
            [
                1.201542572976895e-13,
                5.109089027211698e-12,
                0.99999999990384,
                9.056076988163322e-11,
                3.7010116779757557e-13
            ],
            [
                2.5946095988342983e-11,
                1.4930947340642007e-10,
                2.289734934387528e-11,
                3.9278636977110536e-07,
                0.9999996070154773
            ],
            [
                2.1724359619112106e-10,
                5.211402956754451e-10,
                7.052866952124843e-11,
                1.0677030755551647e-06,
                0.9999989314880119
            ]
        ],
        [
            [
                0.9999999999437803,
                5.492788337816962e-11,
                0.0,
                0.0,
                1.2917800016963002e-12
            ],
            [
                0.9999999981802548,
                1.8189616826801168e-09,
                0.0,
                0.0,
                7.835041764074611e-13
            ],
            [
                1.6916881727333302e-10,
                8.15101008294303e-09,
                3.927376595941484e-07,
                0.9998762044375747,
                0.00012339450458694368
            ],
            [
                2.2897350154811716e-11,
                1.6918980481076217e-10,
                2.2897350154811716e-11,
                2.3823698442084034e-07,
                0.9999997615480312
            ],
            [
                6.224133579783801e-11,
                4.0586449254542926e-10,
                1.0261861424668487e-10,
                1.3709566539741578e-06,
                0.9999986284726217
            ]
        ],
        [
            [
                0.9999999990256885,
                9.736200292781953e-10,
                0.0,
                0.0,
                6.914400092575071e-13
            ],
            [
                0.9999970976810343,
                2.9023121979310847e-06,
                5.109069701962972e-12,
                0.0,
                1.6586720846480673e-12
            ],
            [
                1.0026094675400549e-10,
                3.762264270663552e-09,
                1.4880043842377178e-08,
                0.9770226138928991,
                0.022977367364531855
            ],
            [
                2.1724317173623965e-10,
                4.599037981746095e-10,
                7.991929661663952e-11,
                2.902312197864764e-06,
                0.9999970969307359
            ],
            [
                1.1628234479238109e-10,
                3.1608818481973886e-10,
                3.331544957316773e-11,
                6.82560422688682e-08,
                0.9999999312782718
            ]
        ],
        [
            [
                0.9999999998964935,
                1.0261879611973753e-10,
                0.0,
                0.0,
                8.878265461391475e-13
            ],
            [
                0.9999970976869124,
                2.9023121997343573e-06,
                8.878231900249208e-13,
                0.0,
                0.0
            ],
            [
                3.9008376091918216e-14,
                2.734698290898607e-12,
                0.9999999997798075,
                2.1724399345282864e-10,
                1.7482341278278657e-13
            ],
            [
                1.783244127530067e-11,
                9.056060925188278e-11,
                1.3887919229279004e-11,
                1.3709566544534436e-06,
                0.9999986289210646
            ],
            [
                3.7751346283311305e-11,
                2.4616970066241947e-10,
                3.7751346283311305e-11,
                6.475946144080533e-07,
                0.9999993520837132
            ]
        ],
        [
            [
                0.9999999995399402,
                4.599055374139718e-10,
                0.0,
                0.0,
                1.5428112016780796e-13
            ],
            [
                0.9999546021384786,
                4.539785572107884e-05,
                5.108855625451324e-12,
                6.91408423085417e-13,
                0.0
            ],
            [
                1.201542572909438e-13,
                4.508755241290135e-12,
                0.9999999998256428,
                1.6918979222381235e-10,
                5.384940216554105e-13
            ],
            [
                1.225606804171178e-11,
                7.991960282646101e-11,
                1.573710287421228e-11,
                1.4449803165672419e-07,
                0.9999998553940556
            ],
            [
                2.289735131885257e-11,
                1.1628234483866132e-10,
                1.57371040741577e-11,
                6.825604229603401e-08,
                0.9999999315890409
            ]
        ],
        [
            [
                0.9999999998493987,
                1.4930946750905843e-10,
                0.0,
                0.0,
                1.2917800038286172e-12
            ],
            [
                0.9999999778392189,
                2.2159489230538827e-08,
                0.0,
                0.0,
                1.29177997314207e-12
            ],
            [
                2.9987550409390187e-09,
                5.043130550340641e-07,
                1.012939848773227e-05,
                0.9999310726260583,
                5.8290663643832514e-05
            ],
            [
                3.775134690356513e-11,
                2.461697047069825e-10,
                3.775134690356513e-11,
                3.9278636974682463e-07,
                0.9999996068919579
            ],
            [
                1.6918981335260543e-10,
                3.1608818483471734e-10,
                4.277788402235326e-11,
                6.825604227210266e-08,
                0.9999999312159019
            ]
        ],
        [
            [
                0.9999999999443807,
                5.4927883469736325e-11,
                0.0,
                0.0,
                6.914400101928799e-13
            ],
            [
                0.9999999804430177,
                1.9555680680952796e-08,
                6.101936550641503e-13,
                0.0,
                6.914399963071346e-13
            ],
            [
                3.634218429885876e-11,
                1.5453089986331674e-09,
                3.7070035783661416e-09,
                0.9626731110287736,
                0.037326883682571664
            ],
            [
                9.545036134871431e-12,
                7.991960907774899e-11,
                1.5737104105163866e-11,
                1.8553915982140146e-07,
                0.9999998143556385
            ],
            [
                3.3315445341656756e-11,
                7.991959873761163e-11,
                1.388794383161199e-11,
                1.605228051330641e-09,
                0.9999999982676488
            ]
        ],
        [
            [
                0.9999999997530467,
                2.4616969493408635e-10,
                0.0,
                0.0,
                7.835041777188531e-13
            ],
            [
                0.8807970588826314,
                0.11920292119427625,
                1.951800902845565e-08,
                4.050833539984907e-10,
                0.0
            ],
            [
                6.223539464617902e-11,
                5.602251691404889e-09,
                8.314478716091526e-07,
                0.9999030605802797,
                9.610230736159689e-05
            ],
            [
                9.056077657840229e-11,
                3.5817481945484985e-10,
                7.052880371481424e-11,
                2.382369843275683e-07,
                0.9999997612437512
            ],
            [
                7.052879588288739e-11,
                5.492788146267597e-11,
                1.3887943347434018e-11,
                3.6534820775751424e-08,
                0.9999999633258345
            ]
        ],
        [
            [
                0.9999999999087479,
                9.056076981979655e-11,
                0.0,
                0.0,
                6.914400101066363e-13
            ],
            [
                3.5437128470117166e-11,
                1.035624698802784e-09,
                9.139355889335615e-10,
                0.2689414092932226,
                0.73105858872178
            ],
            [
                4.752193295586673e-13,
                5.492788620052836e-11,
                0.9999998554407757,
                1.4449803169005242e-07,
                5.789356612358018e-12
            ],
            [
                1.2256045313779388e-11,
                9.056060637455199e-11,
                1.5737073690969417e-11,
                1.760343133565031e-06,
                0.9999982395383128
            ],
            [
                3.5114088673630987e-12,
                4.8473504207127727e-11,
                8.423431978934328e-12,
                3.7266391141567496e-06,
                0.9999962733004775
            ]
        ],
        [
            [
                0.9999999999437803,
                5.4927883464809405e-11,
                0.0,
                0.0,
                1.2917800037338725e-12
            ],
            [
                0.9999938558268686,
                6.144172125344765e-06,
                1.0060336518733044e-12,
                0.0,
                0.0
            ],
            [
                1.3615261073666717e-13,
                7.43368066840484e-12,
                0.999999999531233,
                4.5990553762101786e-10,
                1.29178000410005e-12
            ],
            [
                1.049889864182444e-11,
                4.4642453005936475e-10,
                1.4493282517306452e-10,
                0.029312227942330252,
                0.9706877714558135
            ],
            [
                1.2256068041092171e-11,
                1.0261880131557748e-10,
                1.0815942084129892e-11,
                1.4449803164941906e-07,
                0.9999998553762776
            ]
        ],
        [
            [
                0.9999999998968427,
                1.0261879616106233e-10,
                0.0,
                0.0,
                5.384940209570186e-13
            ],
            [
                0.9999999634646408,
                3.653482076209035e-08,
                0.0,
                0.0,
                5.384940015072344e-13
            ],
            [
                1.1623221846764601e-10,
                6.346064102581735e-09,
                1.0672428655166768e-06,
                0.9995683695879336,
                0.0004305567069045099
            ],
            [
                2.020591596927188e-11,
                1.493026466272286e-10,
                2.2896302423378713e-11,
                4.539785573071183e-05,
                0.9999546019518644
            ],
            [
                3.978962625384788e-12,
                3.775134629239446e-11,
                6.560200315792726e-12,
                6.475946145638676e-07,
                0.9999993523570949
            ]
        ],
        [
            [
                0.9999999993300579,
                6.691586073017419e-10,
                0.0,
                0.0,
                7.83504176366614e-13
            ],
            [
                0.9999999530875786,
                4.691163789345044e-08,
                0.0,
                0.0,
                7.835041396767593e-13
            ],
            [
                3.517324310423086e-10,
                9.071298956481808e-09,
                4.065474138703361e-08,
                0.9820137392654442,
                0.017986210656782943
            ],
            [
                5.789323943559247e-12,
                7.991915186603815e-11,
                1.7832373154795773e-11,
                6.144172123580166e-06,
                0.9999938557243356
            ],
            [
                7.052853245116778e-11,
                3.581734418643836e-10,
                7.052853245116778e-11,
                3.726639113804721e-06,
                0.9999962728616557
            ]
        ],
        [
            [
                0.9999999985825034,
                1.416608782361178e-09,
                0.0,
                0.0,
                8.878265451623108e-13
            ],
            [
                0.9999785550537011,
                2.144493973881204e-05,
                6.560063085285115e-12,
                0.0,
                0.0
            ],
            [
                4.0581954906457987e-10,
                1.5228266231402477e-08,
                1.6699821694732337e-05,
                0.999887183705606,
                9.610083861332526e-05
            ],
            [
                3.775120303481883e-11,
                3.16086953064017e-10,
                4.847350420724679e-11,
                3.7266391141659027e-06,
                0.9999962729585742
            ],
            [
                6.224145084005903e-11,
                2.1724400960180747e-10,
                2.5946096904907602e-11,
                2.382369843992925e-07,
                0.9999997614575841
            ]
        ],
        [
            [
                0.9999999996410416,
                3.5817479259199847e-10,
                0.0,
                0.0,
                7.835041775519937e-13
            ],
            [
                0.9999998874641248,
                1.1253518368382938e-07,
                6.914400657742436e-13,
                0.0,
                0.0
            ],
            [
                1.2068760171015642e-09,
                3.5270087212542664e-08,
                0.851947036903496,
                0.14804620533063245,
                6.721288908304698e-06
            ],
            [
                7.433667249322267e-12,
                5.492778432602572e-11,
                8.423448544183055e-12,
                1.7603431334910822e-06,
                0.9999982395860816
            ],
            [
                5.4927890411418345e-11,
                1.6918981352077394e-10,
                2.2897351333583626e-11,
                3.059023589394712e-07,
                0.999999693850626
            ]
        ],
        [
            [
                0.9999999998075915,
                1.9171715103119345e-10,
                0.0,
                0.0,
                6.914400094510625e-13
            ],
            [
                0.9997965729207023,
                0.00020342706090128505,
                1.57338921583872e-11,
                1.8791454428646475e-12,
                7.83344364582222e-13
            ],
            [
                1.1528480907342857e-10,
                2.973234413292426e-09,
                3.622141028369071e-08,
                0.9914224753641746,
                0.008577485325895914
            ],
            [
                1.3887442252992363e-11,
                1.162781303565922e-10,
                2.5945157848226418e-11,
                3.535625750816377e-05,
                0.9999646435863812
            ],
            [
                5.1090894073632484e-12,
                4.8473690661400027e-11,
                6.560200655184521e-12,
                2.38236984436948e-07,
                0.9999997617028726
            ]
        ],
        [
            [
                0.9999999999081475,
                9.056076981059911e-11,
                0.0,
                0.0,
                1.2917800035574239e-12
            ],
            [
                0.9999999928050834,
                7.1941329637359825e-09,
                0.0,
                0.0,
                7.835041712542692e-13
            ],
            [
                5.384940216981841e-13,
                3.3315445416886726e-11,
                0.9999999998860019,
                7.991959891807894e-11,
                2.2447770546990758e-13
            ],
            [
                1.573710271669506e-11,
                9.056077340607045e-11,
                1.783247359917676e-11,
                3.9278636976906073e-07,
                0.9999996070894999
            ],
            [
                5.109089226234962e-12,
                2.940077853324376e-11,
                5.109089226234962e-12,
                3.927863697835235e-07,
                0.9999996071740113
            ]
        ],
        [
            [
                0.9999999999693074,
                2.94007773666807e-11,
                0.0,
                0.0,
                1.2917800036364291e-12
            ],
            [
                0.9999999634644878,
                3.653482076208476e-08,
                6.914399846690701e-13,
                0.0,
                0.0
            ],
            [
                4.048616448742524e-10,
                1.1831791601942714e-08,
                3.0514592724349285e-07,
                0.997527060737846,
                0.002472621879573563
            ],
            [
                2.940038659454442e-11,
                2.1724110587733738e-10,
                4.847304274523229e-11,
                1.3007124759665992e-05,
                0.9999869925801258
            ],
            [
                7.433680839464032e-12,
                5.492788474434562e-11,
                1.081594180043199e-11,
                6.475946145477509e-07,
                0.9999993523322079
            ]
        ],
        [
            [
                0.9999999997514168,
                2.4616969438209156e-10,
                0.0,
                0.0,
                2.413362763995712e-12
            ],
            [
                0.07585790897167217,
                0.9241386123026732,
                3.4439428656916436e-06,
                3.376322781832054e-08,
                1.0195611360049156e-09
            ],
            [
                1.9150371498571003e-10,
                2.2134819880921757e-08,
                0.0009108659097011224,
                0.9988858701076698,
                0.00020324165630535666
            ],
            [
                3.5114088321754166e-12,
                4.277771689153785e-11,
                8.423431894523465e-12,
                2.9023121991051634e-06,
                0.9999970976330883
            ],
            [
                2.2897350156084763e-11,
                1.1628233893363915e-10,
                2.0206840590139702e-11,
                2.3823698443408584e-07,
                0.9999997616036291
            ]
        ],
        [
            [
                0.9999999999278126,
                7.052879829451721e-11,
                0.0,
                0.0,
                1.6586783538201842e-12
            ],
            [
                0.9999999827421723,
                1.72578276656718e-08,
                0.0,
                0.0,
                0.0
            ],
            [
                6.431393940782124e-14,
                1.1399918529256172e-12,
                0.9999999999864035,
                1.2256067442822927e-11,
                1.361526107947841e-13
            ],
            [
                1.0815921777878025e-11,
                1.0261860865522396e-10,
                2.5946047534432286e-11,
                2.2603252734549468e-06,
                0.999997739535346
            ],
            [
                5.109089420968331e-12,
                3.331544798372659e-11,
                6.560200672653792e-12,
                8.315279900434744e-07,
                0.9999991684270252
            ]
        ],
        [
            [
                0.9999999998496845,
                1.4930946728952312e-10,
                0.0,
                0.0,
                1.006039277058492e-12
            ],
            [
                3.213265186728674e-08,
                0.00015792440554499934,
                0.003171997991172695,
                0.9966119483285711,
                5.809714205922659e-05
            ],
            [
                8.258073284515117e-14,
                1.139991852900677e-12,
                0.9999999999902478,
                8.423463753407e-12,
                1.060357599018743e-13
            ],
            [
                1.388791922963465e-11,
                7.052867340259593e-11,
                1.225604570349762e-11,
                1.3709566544885514e-06,
                0.9999986289466729
            ],
            [
                4.508755576947276e-12,
                6.22414508488124e-11,
                1.0815942360075189e-11,
                2.3823698443279716e-07,
                0.9999997616854495
            ]
        ],
        [
            [
                0.9999999961487829,
                3.850741903123558e-09,
                0.0,
                0.0,
                4.752193038528458e-13
            ],
            [
                0.9999785550581108,
                2.144493975942306e-05,
                2.1297406687111637e-12,
                0.0,
                0.0
            ],
            [
                1.7482341279595194e-13,
                4.50875524149136e-12,
                0.9999999999244176,
                7.052879849855328e-11,
                3.701011677933147e-13
            ],
            [
                1.0663825261607683e-11,
                2.750236783144124e-10,
                6.136607738690508e-11,
                0.0140636272986382,
                0.9859363723543082
            ],
            [
                7.433652631427117e-12,
                5.492767631357842e-11,
                9.544998917580131e-12,
                3.726639114600691e-06,
                0.9999962732889791
            ]
        ],
        [
            [
                0.999999999478075,
                5.211412480094638e-10,
                0.0,
                0.0,
                7.835041773346732e-13
            ],
            [
                0.9999999804440312,
                1.955568069642644e-08,
                2.8823507357516163e-13,
                0.0,
                0.0
            ],
            [
                1.3134709618317245e-10,
                4.349618453567585e-09,
                4.6762805348706154e-08,
                0.9968272658536053,
                0.0031726829026238407
            ],
            [
                6.5601754236847746e-12,
                7.991929748019512e-11,
                1.5737042747967545e-11,
                3.7266391154871733e-06,
                0.999996273258668
            ],
            [
                1.1628144915272113e-10,
                4.5990205285140005e-10,
                1.1628144915272113e-10,
                7.88926504447555e-06,
                0.9999921100424906
            ]
        ],
        [
            [
                0.9999999943967546,
                5.602796403223576e-09,
                2.2447770412730913e-13,
                0.0,
                2.2447770412730913e-13
            ],
            [
                0.9770226319448793,
                0.022977367799231763,
                2.4051351240705314e-10,
                1.537551443949583e-11,
                0.0
            ],
            [
                1.317307327381535e-10,
                4.3623227514736594e-09,
                9.928600818764535e-08,
                0.9997387058893092,
                0.00026119033062916555
            ],
            [
                3.511087411785731e-12,
                7.052207584996172e-11,
                1.5735602078401677e-11,
                9.610240025034606e-05,
                0.9999038975099809
            ],
            [
                4.508755415144432e-12,
                2.594609597744548e-11,
                7.433680957333012e-12,
                3.927863696061329e-07,
                0.9999996071757418
            ]
        ],
        [
            [
                0.9999999999570242,
                4.277787865541498e-11,
                0.0,
                0.0,
                1.9810087964617322e-13
            ],
            [
                0.04742587345966438,
                0.9525740800536634,
                4.4686793208519353e-08,
                1.732695007200313e-09,
                6.718387631817201e-11
            ],
            [
                1.916670850891191e-10,
                4.362322749510412e-09,
                9.928600814296204e-08,
                0.9997387058294904,
                0.0002611903305116178
            ],
            [
                2.93881071457488e-11,
                2.171503723413226e-10,
                3.77350765234841e-11,
                0.0004305571216232209,
                0.9995694425941032
            ],
            [
                1.317651601720015e-10,
                3.5817484051954725e-10,
                4.84736934899415e-11,
                6.023574636566148e-08,
                0.9999999392258399
            ]
        ],
        [
            [
                0.9999999976637968,
                2.3355930278879224e-09,
                0.0,
                0.0,
                6.101936649098319e-13
            ],
            [
                0.9998766053398891,
                0.0001233946275428563,
                2.9397133743773726e-11,
                1.879295885846987e-12,
                1.2916199140186166e-12
            ],
            [
                2.4569546851459726e-10,
                9.219654437578726e-09,
                9.912062642947626e-08,
                0.9980731570654638,
                0.0019267343485598204
            ],
            [
                3.3251267154594825e-11,
                1.4138798572865207e-09,
                9.717444674115356e-10,
                0.11920292340967413,
                0.8807970741714503
            ],
            [
                5.492746727789155e-11,
                2.789446954881304e-10,
                4.847331973955601e-11,
                7.889265043598123e-06,
                0.9999921103526108
            ]
        ],
        [
            [
                0.9999999961486479,
                3.850741901755735e-09,
                0.0,
                0.0,
                6.101936644309618e-13
            ],
            [
                0.029312074678113406,
                0.9706826099927853,
                5.263283314691028e-06,
                5.1599364764015316e-08,
                4.4642197661290314e-10
            ],
            [
                2.2447770546679924e-13,
                5.7893563278203e-12,
                0.9999999999226739,
                7.052879850003124e-11,
                7.835041783832362e-13
            ],
            [
                3.3315130237115123e-11,
                2.789441702789739e-10,
                3.775098829190685e-11,
                1.0129988101017502e-05,
                0.9999898696618887
            ],
            [
                1.2255998013718637e-11,
                9.056025687174962e-11,
                1.7832371887538347e-11,
                4.7850948479530465e-06,
                0.9999952147845034
            ]
        ],
        [
            [
                0.9999999715455128,
                2.8453347228453023e-08,
                0.0,
                0.0,
                1.1399918185328703e-12
            ],
            [
                0.9999898700083959,
                1.0129988092671108e-05,
                3.5113888902763172e-12,
                0.0,
                0.0
            ],
            [
                9.092349377042935e-12,
                4.964254554415558e-10,
                4.3809392679132e-10,
                0.9525741237357228,
                0.04742587532066545
            ],
            [
                3.3315002608288975e-11,
                2.4616642320866815e-10,
                5.492715343371628e-11,
                1.3007124767128762e-05,
                0.9999869925408243
            ],
            [
                3.511402220325726e-12,
                5.492757232987635e-11,
                1.0815880282375487e-11,
                4.785094846708022e-06,
                0.9999952148358984
            ]
        ],
        [
            [
                0.9999999998966898,
                1.0261879614169077e-10,
                0.0,
                0.0,
                6.914400095126687e-13
            ],
            [
                0.008576974331478913,
                0.9913632207732269,
                5.779117090103715e-05,
                1.9775051232614005e-06,
                3.621926973827758e-08
            ],
            [
                1.291762834858998e-12,
                4.058598180168687e-10,
                0.9999869922508421,
                1.3007124765224061e-05,
                2.1724110597016656e-10
            ],
            [
                2.4129808284841895e-12,
                6.223159578027739e-11,
                1.0814229805952883e-11,
                0.000158436248190789,
                0.9998415636763504
            ],
            [
                2.1724401005194042e-10,
                2.1724401005194042e-10,
                4.8473690754176565e-11,
                8.315279894206926e-07,
                0.9999991679890489
            ]
        ],
        [
            [
                0.9999999999942808,
                5.109089024160107e-12,
                0.0,
                0.0,
                6.101936672943595e-13
            ],
            [
                0.9999994956495254,
                5.043472048875068e-07,
                2.1297852693601453e-12,
                0.0,
                1.1399919057164137e-12
            ],
            [
                2.2749569300536424e-10,
                6.64839869139747e-09,
                1.2420843978600999e-08,
                0.9241418062969344,
                0.07585817440632724
            ],
            [
                5.789356459454012e-12,
                4.847368815723586e-11,
                6.560200316282753e-12,
                6.475946146122409e-07,
                0.9999993523445622
            ],
            [
                7.991899330055045e-11,
                4.058621370097828e-10,
                9.05600836291768e-11,
                7.889265042067639e-06,
                0.9999921101586167
            ]
        ],
        [
            [
                0.9999999999426588,
                5.492788336102652e-11,
                0.0,
                0.0,
                2.4133627653076866e-12
            ],
            [
                0.9997388096535849,
                0.0002611903264582001,
                1.7827815741390975e-11,
                2.129228951706473e-12,
                0.0
            ],
            [
                5.874477618717536e-10,
